2.261294828757115516e-01
3.742004997930878929e-01
-6.642947342939451438e-01
-5.541138023071182639e-01
-2.390007447699164511e-01
6.540686356399304513e-01
-1.419291676848928985e+00
1.924389857283995975e-01
2.753445899670584063e-01
3.119795739165397985e-01
-3.488223205955844064e-02
-3.731866057132414149e-01
1.263711274803720697e+00
-3.555063417377476442e-01
1.702635162534310853e-01
-7.333693708440207348e-02
2.724040754883922388e-01
-6.648211022689953786e-01
-2.650408424154787612e-01
-3.665030304539863559e-01
-1.693653567807918148e-01
2.713363590894096178e-01
-1.775291529541401514e-01
-5.889025017294717834e-01
-2.741273595695523091e-01
7.196088990219433601e-01
1.197024425667705394e+00
-9.688132202509361912e-01
5.423519536671451702e-01
1.883475143807576135e-01
-6.599276149512558476e-01
3.554883071746320344e-01
-3.021421994229711930e-02
3.095058925118714943e-01
-4.005766927043882264e-01
1.708886472714162275e-01
-2.024294510536111258e-01
1.214843503348694842e+00
-1.486758703908577228e-01
-6.563438493292885756e-01
1.024657570133770262e-01
6.347370269131751286e-01
3.737510276021568933e-01
-3.086579369796835781e-01
6.930419261763172134e-01
-4.139201181068396379e-02
-5.405767589701941933e-01
7.878059442435160209e-01
-5.301987565444088446e-01
-3.555650394174476037e-01
-1.841425708823813123e-01
-1.486467299507204243e-01
-3.760718026100626776e-01
-2.415002711758204856e-01
7.241502432644788545e-01
-3.498442773991736754e-01
-1.101152413056824680e-01
-3.584852405662460884e-01
2.872911211070142690e-01
-3.901300829000611814e-01
1.133228450706983137e-01
7.435665229365867601e-01
1.860555898609729808e-01
4.946201913634573066e-01
7.568152097120640631e-01
8.217907941597667187e-02
9.860140088331627306e-02
2.148148359303651000e-01
-1.849523765011971133e-01
-6.192315267904489051e-01
2.711242882322841517e-03
1.170556846307507642e-01
1.369384124947888581e-01
6.047848728900098170e-01
1.683536445501545298e-01
7.758744608843600732e-01
-3.080760752973405597e-02
1.286121889125019679e+00
9.632905275009322477e-01
9.623566377798359328e-02
-2.631568380358474332e-02
-2.999601133955793197e-01
-8.839493380651278764e-01
-8.020835616425017189e-01
-1.160069602343547501e+00
5.608192899504129691e-01
-9.998151372466861364e-01
7.792422676659825909e-01
-2.158340058880934068e-02
-3.314473888131751478e-01
8.331603692967163299e-01
5.370136120853902240e-01
-7.503423712120933509e-01
-4.563802748923651009e-02
6.558961135815392085e-01
-3.769782228144052949e-01
-5.675417577617533071e-01
3.079891015045171931e-01
-1.201652109018774284e-01
1.066836327081802649e+00
5.744930966389629745e-01
-5.535727009665711851e-01
6.680869387629330136e-01
2.956729412160273296e-01
-2.268178729341372435e-01
-1.086585671860586105e-01
2.633763183377912376e-01
-1.297166821852496210e-01
-1.980216107314320406e-01
1.141717335220724827e+00
8.742482005729508288e-01
1.010598850198929144e+00
1.846316535994390051e-01
3.646851515122726539e-01
3.518805954297824501e-01
-3.174750291606882047e-01
7.296313917284188433e-01
3.630021003266382662e-01
-3.501792943072648545e-01
-8.342212811886497992e-01
-1.089510751340459827e+00
2.253376503636759232e-01
4.775884900857799709e-01
3.820974524105786863e-01
1.696146934284671892e-01
-7.208230863952431733e-01
-4.454628945592667422e-01
-5.953021757714247464e-01
2.000935133931606713e-01
5.006515745204491719e-01
-1.205918531803748805e-01
4.497941478768977541e-01
7.018947878733424739e-01
-4.956562161781742359e-01
-2.841228106621867533e-01
-2.431068029470690450e-01
1.682008340732866203e-01
8.887746649298558510e-02
-1.800586238505837433e-01
2.818972029276610169e-01
-5.499375717029099109e-01
2.107311782840897429e-01
-7.100195179895149589e-02
1.359737603972425157e+00
4.562048125773915386e-01
-3.093386960804857533e-01
5.656089882295493032e-01
5.131539268286481326e-01
1.107955757404502029e+00
-4.358079044600268181e-01
2.217545999534863699e-01
-1.206555676597097781e-01
4.025491727822754218e-01
-1.183687941238733776e+00
3.562568250331026865e-01
1.916154789072423148e-01
-7.382584260909408336e-01
9.844684306600502699e-02
7.586091420811905683e-01
1.447614056496146828e+00
2.367619182787977228e-01
1.566270325760543425e-01
-2.835194838703259390e-01
-2.348277894590228565e-01
4.745708393069787978e-01
7.748963865505488213e-01
2.680669837399614064e-01
-7.389202794966844845e-01
8.482843163582819146e-02
2.471483656289211461e-01
-1.022247537242672255e+00
6.559197240854205413e-01
1.097938650234795199e+00
4.113092477536995500e-02
-4.873829263077344431e-01
-1.039631845762627876e-01
-3.041286960610422585e-01
-3.045486833525570258e-01
2.969119743816249213e-01
1.051296813281422882e+00
8.800998396611755537e-01
-3.278682542593654992e-01
1.217980778701429900e-01
1.137818136235180022e+00
1.002680769805667088e-01
-3.655916714011822610e-01
-1.452840174131078965e-01
-2.145036243162097567e-01
1.591164205523001030e-01
-2.654255097183231826e-01
2.715639155785325859e-02
-2.126270657518765372e-01
-7.811965697677816234e-01
1.089527286223470615e+00
-1.635457013431030338e-01
1.009487988145110648e+00
9.627073097712117722e-01
5.462296328631692788e-01
5.090616023065369644e-01
-6.323896120902914308e-01
-7.186822758575447390e-01
-1.054296419029649226e-02
-5.628208986520162604e-02
9.643079824327352445e-02
1.430724455628206160e-01
6.112111519088176959e-01
-1.145759146435599396e+00
7.459894291915137865e-01
4.127947553463714309e-02
5.690991580934852134e-01
1.187213455520949867e-01
-2.274794450570209736e-01
-4.036415162481081509e-02
-5.796162400816337046e-01
-8.806343312498126075e-01
4.006991911858321931e-01
-1.789272259959142908e-01
-5.148044890932976236e-02
-3.775834876303078153e-02
1.476784954116847404e+00
2.203563054194218884e-01
-3.484259348986031291e-01
7.609134141543926200e-01
-5.899980685118589863e-01
4.668905451509169219e-02
3.779198057637092600e-01
6.913476650412386793e-02
-1.207587159689103018e+00
4.709369912632081490e-01
-3.876174060068835470e-01
-4.773815092970347673e-01
4.669542883955609125e-01
-1.723849096383482105e-01
1.322163977219092124e-01
-4.188534770144565211e-01
6.755618635370821412e-01
-2.901737574724586738e-02
-6.991663949789139743e-01
-2.211934625138883281e-01
4.426540738119062457e-01
4.010219552510234098e-01
-6.139076156069575019e-01
5.130238105380508645e-02
6.031393297489665573e-01
1.100346612489729425e+00
3.238829022660688617e-01
3.311451267751207572e-01
-2.679364807540032256e-01
-2.551442685170638436e-01
-1.515665189915137712e-01
1.212367239025402416e-01
3.955544889982946510e-01
5.762636958181175384e-01
7.971687970376705179e-01
9.429008083551951858e-01
-2.089864135911624343e-01
-7.754674576324019908e-01
5.198442303749472027e-01
8.492817085122533749e-02
-1.681353204778187893e-01
1.457432172905683276e-01
-4.945418886238943657e-01
1.619845916208249581e-01
-2.410613673400325563e-01
1.567808396438103435e-01
9.509265262235159222e-01
4.236315863755421018e-01
2.909523544818561902e-01
-7.944549786726137208e-01
-4.997166289372759751e-01
-2.489351891088817936e-01
-3.193017640762640941e-01
-1.176074351036642041e+00
3.600219640053362036e-01
7.387236990974520578e-01
-3.755480289615142908e-02
-1.970738976074531135e-01
5.660847018344483672e-01
8.794229681033097767e-01
-1.575635120682792600e-01
8.813878674234866262e-01
1.369359309128957147e-01
-6.425790748729021118e-01
5.173927563635818405e-01
-8.300541334342742550e-03
8.906710199697331909e-02
3.088771715681331020e-01
5.151388276546066125e-01
-1.152041679183757605e-01
8.071961503149993611e-01
5.589808980892591039e-01
1.565351510949610780e+00
-1.322428985184626926e+00
5.416677625642467298e-02
-7.460508111502923700e-01
8.070904328772647851e-01
8.275138726343951590e-02
-4.913003534649291182e-01
-1.218673118770306152e+00
2.646489988417659589e-01
4.935807521376799900e-01
-8.955638473847487013e-01
8.624743279962272524e-01
2.763287691839727556e-01
-2.678671433184212636e-01
-1.583642977562408627e-01
9.781904098090106470e-02
-5.871567680835079184e-01
6.600437076074915366e-01
-1.393418262546970432e-01
-1.882152045142876928e-01
1.943483327851849574e-01
-7.767796681024966565e-01
-4.079974530050747838e-02
-1.006249254174249819e+00
-3.450209583720494910e-01
1.106216651296009434e+00
-1.647675893452030527e-01
-3.931996634587101580e-01
1.081231159401362163e+00
-4.654479552156258748e-01
-3.356922219348423830e-01
-5.137622101042634837e-01
4.108605379306448091e-01
-1.344006948194157447e-01
7.253031697481858442e-02
6.797111947449625546e-01
-6.234980310213199539e-01
1.815776395501734752e-01
2.583098412241381925e-01
9.291674616620685390e-01
-3.343097395935233918e-01
-2.419224563424981489e-01
-1.024872449926457429e+00
-3.636072581106375434e-01
1.692121350265035906e-01
-8.073231538750953451e-01
4.198189172777777589e-01
-2.289414239117607275e-01
2.337503407200134942e-01
-8.258802202930796976e-02
8.327902924681869212e-01
-4.622776069632226204e-01
-4.148425299039115721e-02
-5.934539095736206527e-01
2.037075105561794441e-01
2.801295688497694725e-01
-4.182902617811264934e-01
7.077245990731749758e-01
7.760921566232538149e-01
5.811734205942594711e-01
3.522848194033321167e-01
-7.862507611146123121e-02
6.735563468210491178e-02
4.206489122496654964e-01
6.335051183966684818e-02
-2.737827326407106243e-01
-1.049313175350885530e+00
9.278509611115054456e-02
1.947287966148976424e-01
9.091750678142720976e-02
7.978326346131903168e-02
1.057429597752293920e-01
-1.272451959409618638e+00
-1.344198976515948996e+00
2.109473481369688319e-01
5.257385003588295469e-02
5.565877790894698668e-02
3.462441218898231754e-01
-7.029853343058030390e-02
9.968172351692431432e-01
3.787160855681311056e-02
4.507379659663331428e-01
1.106892004483513298e-01
4.485130510977481944e-01
6.275831317485927596e-02
2.140186899011690402e-01
-4.320524284191433195e-01
1.177865592727094374e-01
4.261946662216569148e-01
4.584675671085128301e-01
7.366327910338611729e-02
5.153391497121143638e-01
4.152517379823038590e-01
-2.507525292326385769e-01
-4.210530830885044762e-01
-1.081753545092605462e+00
-6.147970274018785819e-01
-6.709106852138928545e-01
-8.703412993630076366e-01
3.002191763072588615e-01
1.632803829405185259e-01
-5.631678139905540448e-01
-3.091922922647628025e-01
-1.969712934138784788e-01
4.333103708092943540e-01
1.140180806035810734e+00
-6.277542843216890045e-01
-2.255359681134730121e-01
-9.987134195095123124e-01
4.391563714549673314e-01
4.096757718515413593e-01
4.403237989159296539e-01
3.620729345482515127e-02
2.959537926094120072e-02
-5.193870844682980659e-01
2.450529836017103016e-02
3.930100287519243674e-01
8.922525370549122536e-01
5.035885854746363632e-01
-9.161860897130955431e-03
4.747880652508885690e-01
5.016997162530506538e-01
2.867839678475286869e-01
1.439701208256408405e-01
-2.022451320790976115e-01
9.820207541539687224e-01
-1.650327514546994223e-01
3.592584811409850754e-01
1.788154313218930369e-01
2.930354239464268984e-01
-1.073739925448679466e+00
-1.768994247981832135e-01
1.018402035669072836e+00
-4.900078399815297470e-01
-1.782051443005946978e-01
-3.020316469083173527e-01
2.588044522426787286e-01
-4.962104326056662740e-01
-1.526335799986304753e-01
3.653454453642954736e-01
2.228490019451156989e-01
-4.380924288796054222e-01
-1.833363887507509504e-03
-3.376172798091881672e-02
2.365947859456608848e-01
6.212528871844651135e-02
-2.582566062314663458e-01
1.713288622900865921e-01
-1.191692683858026208e-01
-1.097303330111419756e-01
-6.106611384908302576e-01
1.556301023274780093e-01
4.771741112462115075e-01
-5.828727274927254787e-02
-2.466444234500910493e-01
1.150167050882078046e+00
4.099593944208742569e-01
5.338880790260617376e-02
6.662097031515346046e-01
-6.814848370538441336e-02
-4.803828117287857746e-01
-1.130382013416941223e-01
1.064367257077458440e-01
-1.971107369801614051e-01
-4.035785552926983710e-01
7.033786229881446861e-01
-1.427413843814715477e-01
-3.635175007053090268e-01
6.970063538968779282e-01
-1.170589647536447453e-01
-5.170825268906587696e-02
-1.024632008076343581e+00
4.213271678383109786e-01
-1.145486776610487478e+00
-9.166066171675801844e-01
-1.853094044064763080e-01
2.533285464107593588e-01
-1.143275311478512551e-01
-4.954906825373904256e-01
-4.513381285759415773e-01
1.061432166012443945e+00
6.574561556662064099e-01
-9.300607471424918726e-01
3.793946095741387858e-01
1.608461853813964171e-01
-2.883775426445328582e-01
4.429244490783458277e-01
-5.362450617648037987e-01
-6.580859014825408693e-01
-7.574358195971402086e-02
-4.815386326365254099e-01
-3.717766705485372331e-02
-3.731898364614149588e-01
1.026917874346592319e+00
-6.834154178635872823e-01
-3.537927054398554150e-01
5.073392530014227964e-01
3.235343390390827412e-01
-8.064527068654738784e-01
5.077771268320733222e-01
1.844118584888480850e-01
8.093909380060221315e-01
-1.779076561016329494e-01
-1.107535553420557345e-01
-5.675045839923893026e-02
1.412717508512032205e-01
4.477448960129136735e-01
-2.831038740806061660e-01
-1.939999218222196731e-01
-8.118066132114890032e-02
-1.930803049291254792e-01
-5.219941556765962387e-01
5.209682983566337189e-01
-1.014065997110196182e-01
1.806397703358995910e-01
8.738577264764842978e-01
7.979821082167473101e-01
-9.769064069286435004e-01
4.776136682692533886e-01
1.570917996219576007e-01
-1.029524775492131949e+00
1.766152239148248704e-01
-2.041209951720265869e-01
-5.728400872455647469e-02
1.669845443419204212e-01
-4.666340754652774023e-03
-5.223856583040467627e-02
-3.203241039668246470e-01
6.253349073163233518e-01
-2.239449042913779497e-01
-7.096044551141648116e-01
-5.342803821567300160e-01
-9.644941533594673932e-02
-7.127082063111759291e-01
-7.639535394288048398e-01
8.076349109505200907e-01
-2.538853999792704541e-01
1.062106588974326832e-01
3.192111932694254306e-01
5.712926949100005647e-02
4.671271550973519204e-01
8.041629104523622118e-01
1.260927777936005911e-01
1.012664206442148274e+00
7.305198752513943905e-01
-3.829398091810737315e-01
1.010124587689107262e-01
-4.295384696417868242e-01
5.781097923865845256e-02
1.703833118221742771e+00
-2.575885819844966895e-01
-3.024330676706190046e-01
2.374421876969934064e-01
-5.095676549441436470e-02
1.024670565692172852e+00
-1.340931690786657804e-01
-1.734925477057753379e-02
-3.494536812525159686e-01
3.432167073184940187e-01
-4.849533547033779146e-01
1.034273797284123164e-01
1.894262549705552912e-01
3.499934847739220034e-01
-4.115240096136624226e-02
-3.615422941771719856e-01
3.635064576738001318e-01
-3.460198000747262692e-01
1.275159005437485338e-01
-9.487424659421024309e-01
6.016830055518673781e-01
-5.535476871591447079e-01
1.783745832616545346e-01
-3.341583039027108959e-01
7.165729188572012021e-01
-1.071292181283474837e-01
1.208104574583110519e-01
-2.337148557464249488e-01
-6.422785242071113454e-02
7.251996435023704002e-02
-5.917002439071027409e-01
-8.009622628135874139e-03
5.541091350044281549e-01
-4.531422547883133811e-01
-1.019231401301337464e-01
-1.240416627645253844e-01
6.725120845933464375e-01
-3.142941323578438695e-01
1.933081020720849030e-01
-4.254346617835197408e-01
-6.429375561508217096e-01
9.208351265855211354e-01
-3.372075868744187632e-01
-5.780397938469519215e-01
-2.865245088714185595e-01
7.364092362737692521e-02
2.684087435625551188e-01
-8.500602303609047228e-01
1.619766185183103835e-01
-6.684300021720289697e-01
-3.023406655590843983e-01
7.310591872880656261e-01
-9.130572243496005713e-01
-1.031624395080639411e+00
-5.541257925655179717e-01
-1.712868860637519475e-01
-2.517710957860659279e-02
1.861158699345080436e-01
-5.575350403249883513e-01
1.971012480709439380e-02
-6.436516144681507859e-03
-1.236083293709465680e+00
9.718433624061827425e-01
-1.085784541700506728e-01
-5.923201181438092489e-01
-2.513063011642556188e-01
-1.472277565993491966e-02
-2.412203026929137795e-01
-3.512505123204898716e-01
-5.167432768535482612e-01
2.029833750920125857e-01
-1.058752265340764664e-01
2.374520606927460753e-01
-3.780307144903027883e-02
3.237270931615910952e-01
-2.318182591403389059e-01
1.389568308840611888e+00
-4.868366611107912689e-01
3.080743554679861718e-01
6.174682839897704945e-01
5.909097635735340859e-01
3.656663092971657036e-01
6.546443402670631961e-01
1.157577843652241256e+00
-3.660308301783161966e-02
-8.945707733800098427e-02
9.531619002629095894e-01
4.171790523488371760e-01
4.013484760267594376e-01
-6.002353014341528237e-01
2.092644143547445768e-01
-1.076018328941002605e-01
-7.747762383092778871e-01
-2.908415548445590915e-01
7.545315312336203784e-01
6.981214540880015251e-01
-6.371716582585894573e-01
2.087429399752959713e-01
1.739237050988901301e-01
-3.575100648639628065e-01
-8.695748483049819955e-02
8.772692469955281624e-02
-2.876890162844566445e-01
7.987104508210732812e-01
-3.894576547897132257e-01
-1.902893523894717137e-02
-7.303727926351688549e-01
1.206788685522095061e+00
4.106954990521303750e-01
-5.786110404905673299e-01
-6.753419822325444910e-01
-2.152917244994944634e-01
-5.486726628406502979e-03
-9.014274087685365811e-02
7.945895666448430372e-01
3.025196189669529523e-01
-3.812267269416222959e-01
-1.278845686323545117e+00
4.844653824677391252e-01
7.663696631975368545e-01
7.750437928068489024e-02
5.233165870729027391e-01
1.208760257592125659e-01
4.094776579060841470e-01
8.693734594195121762e-03
5.929968814657350373e-01
-6.955786364662349189e-03
-6.820594358470412066e-01
7.320798686237514064e-01
4.281001089469375076e-01
3.994640435128675171e-01
5.221235358491965739e-01
8.526840909333813223e-02
5.319165966535915890e-01
-8.877266274755218900e-01
-1.511876255238318312e-01
-1.868242454602370983e-01
-4.917829437306571738e-01
3.985634657705676154e-01
-3.642087715944367643e-01
-3.138248281965126396e-01
-7.249095236575394674e-01
2.099639187923535988e-01
2.708396984608799421e-02
3.884486741381859565e-02
2.098565470155699941e-01
-1.467579389418607883e-01
4.380413407279594440e-02
-2.717173047908228237e-02
2.983614677979737340e-01
7.369622736193950363e-01
-6.745322179868733226e-02
-1.765752396386507939e-01
3.374005461204341305e-01
3.371921525446947010e-02
-2.265428664280115523e-01
4.052198511576314277e-01
-5.604189002611009718e-01
4.554865621734019987e-01
-2.013680880205386547e-01
2.885144871936106692e-01
-7.393620686965686195e-01
9.581078827002535714e-02
1.598064390400592005e-01
2.872814917532400675e-02
-4.271389138803778907e-01
1.160078675962860961e+00
-8.226082565927747559e-02
7.764189066753220958e-01
-1.031552549616773673e+00
2.626948146594526023e-01
-2.577800710704359899e-01
-3.705487551245512656e-01
5.824599609364158326e-01
7.028645784650320305e-01
4.237109061398260934e-01
-9.572088915695391442e-01
-6.537254251694960550e-01
-1.811344309215433546e-01
8.214667740234509186e-01
6.436346576153828547e-01
-9.255824222629261966e-01
7.913626848614423170e-02
1.096285331480349123e+00
1.086396414206838162e-01
4.565407457680998315e-01
-7.961683534534780282e-02
8.193958627692681240e-01
-2.446709343166344197e-01
7.250152316843357092e-02
-2.479717575041811006e-01
-3.141244392186542944e-01
7.772995011251470077e-01
-2.034594093682854932e-01
1.910852856374253561e-01
1.600192679866790091e-01
3.334365744001984155e-01
-2.454122519093883126e-01
5.333492938659153415e-01
-1.248514113515280383e-01
6.117341402437592723e-01
-2.262504498202499437e-01
-6.350108299941464862e-01
1.331334386901991164e-02
1.017657704625427151e+00
-4.064608023370686052e-01
-4.501551728797434371e-01
-3.587220367469227122e-01
3.194602637476373075e-01
-4.631587458518041656e-01
-5.687081703913013930e-01
4.207174678797198086e-01
-5.435056810732835642e-01
-7.133713680074127428e-01
-8.549898249262441463e-02
-3.916427244661382923e-01
3.688030092357676426e-01
1.203573239428843214e-02
6.162971688708818174e-01
1.891596850150106812e-01
-5.004846919783983994e-01
4.973117687855453939e-01
-4.054855991943416282e-01
-3.032525344945894430e-01
1.246255989075955306e-01
-9.863435841395019610e-01
-8.419453205163904830e-01
5.864730256375827455e-01
-9.623019615812598015e-01
-3.947249002189834877e-01
-3.207155223882918182e-01
7.521713231614736150e-01
1.667149537713946000e-03
-2.896607700355591786e-01
-5.552441104783572001e-01
2.418440221742992613e-01
3.344329998453317576e-01
2.431294054181509789e-01
8.648134957745486906e-01
3.318495911362603912e-01
-1.314622366399453325e-02
2.320496774480641788e-01
1.329084766510493232e+00
-6.940028450122660564e-01
7.973738918095826245e-01
-8.378364072463211354e-01
1.463020347753347106e-01
-1.145628121625107548e-01
6.528031383501095020e-01
-4.720713761711393119e-01
-4.667314689723392473e-01
-1.473862221775361879e-02
-3.275684278417482775e-01
1.433576132801692937e+00
-1.834784249554888280e-01
1.086493406662546679e+00
3.138260485108747555e-01
-9.014628289277402950e-02
-2.353716446218319103e-01
-3.990157996986094524e-01
-2.226035015936264627e-01
3.180324313811181414e-01
-3.840327659542325939e-02
-5.545810056622966222e-01
3.474169109732626326e-02
4.934628710032278043e-02
-5.064553467580870105e-01
-4.175800543842689838e-01
1.367171260004064637e+00
-3.480649518067055470e-01
7.867404290873041273e-01
-5.028579910677355436e-01
6.777058443659290665e-01
-8.593390237592458958e-02
2.363595147630234150e-01
6.760084243871780085e-01
-1.325265723338078239e-01
1.855964726425479716e-01
4.628260602154801173e-01
3.049649364535206297e-01
5.725259738351677896e-01
7.552008251302967656e-02
-7.643953234540762365e-01
3.037970682094147667e-01
-6.087124558866342516e-01
1.461820439316370568e-01
-2.297261616246136229e-01
-1.975864219387711285e-01
-1.613841448180431404e-01
-2.277032926104640906e-02
6.011589778327167677e-01
1.260643884746793023e-02
1.636210162197521689e-01
-3.987657715930657543e-01
9.855387466762089987e-01
-7.306706062378528488e-01
-1.550604642045130821e-01
7.635437372870640393e-01
-2.339408830113753890e-01
-4.597726770727489365e-02
2.823590578436590559e-01
-4.038797265038004784e-04
1.399134708740531197e-01
6.092770971010097458e-01
6.311783239566604031e-02
8.663428311323538578e-02
1.300684814311063309e-01
-4.402002177266269300e-01
9.158233531750039624e-01
1.063575693171579378e-01
2.480687765478212931e-02
1.759358228739947572e-01
7.618628687526901588e-02
2.182029579378555462e-01
1.063125582194802243e+00
-3.551994889087441432e-01
-1.846811329691144532e-01
2.353872510277592867e-01
-1.008591118364976946e+00
-3.682745563015751844e-01
-3.415608628389286694e-01
-2.675567579878680435e-01
8.723415833856519586e-02
2.098321950153101967e-01
-1.498373311739733260e-01
1.313559881261377793e+00
-6.604332128205926411e-01
-1.814013631847384567e-01
-3.715714868528450787e-01
-5.711667087016116806e-01
-1.226854788044213079e-01
-1.479510632429394124e-02
2.718546726893857901e-01
-7.594028209711783939e-01
-8.010434620024536878e-02
7.300026603605367370e-01
-5.608934851165072732e-01
-5.788535903114154779e-01
-3.432810177439622468e-01
5.973549000831792632e-01
-8.213361203485020079e-01
-2.569608803080282167e-01
-4.007768890896999496e-03
-3.925130629198405607e-01
8.565072965397737548e-01
7.655030508404977452e-01
-1.543571554831613679e-01
-8.759394144646256986e-02
9.737094673636401132e-02
1.947092233872114650e-02
-1.293273408002278524e+00
-2.831653564007445278e-01
-7.676003113634750630e-01
-1.886531076684347108e-01
5.829632475197315047e-03
-1.277978731910165144e-01
-3.490644661522932651e-02
3.863249741237194668e-01
3.571605787324548809e-01
1.329768685440978260e+00
1.020762084904870637e+00
-3.108496051157223494e-01
1.595343847741363952e-01
2.698344041061203624e-01
5.540956969223752582e-01
-4.554556022234769186e-01
7.730271409352721390e-01
-2.438438354324303503e-01
-1.451971490035577073e-01
-3.853222902117219850e-01
-2.413155156233260379e-01
1.571044920048848992e+00
-6.068337977141555761e-01
6.524017380384069531e-01
6.275489002449424758e-01
4.735881542956342782e-01
4.014715770585020049e-01
3.793372829023032855e-01
2.632727749521486249e-01
1.234017720448807642e+00
-7.583694444677964441e-02
-6.410359696498303395e-01
5.157977982365136160e-01
2.243776698560001337e-01
-5.989903133384517908e-02
-8.946961501388892013e-02
-7.244271948974819741e-01
1.947553836226575685e-01
-4.427426923816981108e-01
-2.452475180977313485e-01
4.609546030712663271e-03
7.754906723127268364e-01
5.595908562546705323e-01
-1.228458266475735000e-01
3.508430296457556441e-01
-6.275413902869729776e-01
-2.957332587515247302e-01
9.373869757748364007e-02
-6.934016642478145753e-01
-5.263754308110282082e-02
-8.076609346249865595e-01
-2.260326677028590137e-01
9.089395685082494181e-01
-9.423712418568513938e-02
-5.935147374344659221e-01
5.281346459493749951e-02
2.869979545349436445e-01
-1.240683043284996012e+00
1.507777394036670382e-01
8.822485260516850503e-02
1.172229160451577545e+00
-4.258500142970778612e-01
3.904810779990900982e-01
1.232913143850912635e-01
2.907816207697128674e-01
-6.294051834391052314e-01
5.124285031888076158e-01
5.273372242363189022e-01
2.350872750302605008e-01
-8.309488757306033868e-01
-8.845361384235409519e-01
3.245969550652368363e-01
-1.810350868257135371e-01
8.290646673423841539e-01
5.967051317487849227e-01
2.452215493220306908e-02
-3.469143185214199065e-01
1.779687003096644127e-01
2.133722826768633951e-01
-3.621656199226672701e-01
-2.026462003588786753e-01
-1.171834491162507957e-01
-2.742198115230741751e-01
-2.635837808162183604e-01
-6.635932614303868826e-01
3.456577508533333343e-01
-6.937511670921567841e-01
-7.825997469022932806e-01
-2.070394768624231330e-01
1.033408454006997879e+00
-8.390385541672227276e-01
-6.986048841441860544e-03
2.917176127799539671e-03
3.308335523743735629e-01
9.454962877295051971e-02
2.288692502320436445e-02
5.752720984168800955e-01
2.677801657970682592e-01
-3.676735897065173120e-01
7.693000244365514328e-01
-3.659683871587223747e-01
2.981084815967037782e-01
9.146639149998152529e-01
-4.979340148106483621e-01
-8.298183455824302834e-01
-1.040596052021002471e+00
9.555740809450056217e-01
-8.222257753495265664e-01
2.549562297404451283e-01
-6.373421040428686180e-01
-7.249472343340142011e-01
-2.222050227475077799e-01
-1.878466256191456130e-01
-5.498703270144973398e-01
8.411356277051801333e-01
-8.411867817528705382e-01
9.565700088679218727e-02
-8.552841572958593819e-01
-3.504951533993074797e-01
-2.927141391060199549e-01
-4.877741135685436658e-01
-3.579975956976069740e-01
2.886546467587166043e-01
-7.601809109499283457e-01
1.615217157113335300e-01
-1.270747001910883522e-01
-9.996677656616379526e-01
-7.355900514556801273e-02
1.390628996881039525e-01
2.634391896670018607e-01
1.518110971032990419e-01
-4.071868118968264283e-01
-1.432188452055290495e-01
-9.574000392394782510e-03
-6.239380787609827284e-01
-6.296458022775932584e-01
-4.679717870962424864e-01
2.194429469831690738e-01
-5.563517692151884741e-01
7.730732914398540379e-01
-5.325475296550126192e-01
3.507191095725502028e-01
-1.066225683282410325e-01
6.097039384083984687e-02
6.821842422973593001e-01
4.272063142963651305e-01
-5.967850694290426083e-02
8.572019698437882695e-01
-3.197245359791121566e-01
2.315284748896039579e-01
4.200678123739554071e-01
1.806986365783986859e-01
3.426728861497813083e-01
-5.419007896609276953e-01
2.597720488000359595e-01
-3.104774582040143449e-01
-3.196918043767527084e-01
-4.952055401546506253e-01
1.804148940566597040e-02
3.411004328221100002e-01
-1.938334498767843930e-02
7.449530553641732222e-01
4.548720422092855098e-01
-3.592136498973603209e-01
-9.603094450755349509e-01
-5.992448730651021016e-01
9.551058164461248001e-01
-1.317626955027635383e-01
-1.274542982535100955e-01
3.524180734442616258e-01
7.124991185047472309e-01
7.983765137544962531e-01
-3.853614251238664939e-02
-1.959758538277848183e-01
-1.943838265339847826e-01
1.468949000581173614e+00
2.484135107974710654e-01
-6.468204459183052313e-01
-3.689919231762019414e-01
4.599162146853023048e-01
-1.628356995885049396e-01
-7.081136897595028401e-01
6.295246040544878463e-01
-1.509573928324482173e-01
-6.439905556164755573e-01
5.502649747491739074e-01
1.305704522812377033e-01
4.502185491922501837e-01
-4.078198964979179997e-01
6.303007748831763735e-01
-2.612866642160052710e-01
-6.463860827828488143e-02
2.469672299134920979e-01
4.384473098817543990e-01
-6.793093968033856456e-01
-2.299287141734499273e-01
1.540667947739879085e-01
-1.190147213021264028e+00
-1.054684357062951827e+00
3.231008572763267028e-01
-3.552365594576528118e-01
-1.333079418429274354e-01
-1.590482428513557284e-02
-3.026166342751734212e-02
4.170995111259334642e-02
-7.066572864142960375e-01
6.968518307057338657e-01
-3.642254741795827866e-01
-1.075667460888491300e+00
-2.314805429407660042e-01
3.849820306594179953e-01
-1.263939419102824979e-01
-4.054732964091087855e-01
-3.359154854514648236e-01
-1.225885177127557409e-02
-1.966603425700360619e-01
3.482490569643421074e-01
-1.183080137104030261e+00
1.197510953572710757e-01
-3.727262604854982841e-01
-3.547536054758900215e-01
5.495311776598352932e-02
-2.323244717274384336e-02
3.565725237273941750e-01
-4.791024241464478806e-01
6.309264974726493946e-01
3.633105557524419771e-01
7.345230150004318226e-01
-6.037947006285018237e-01
-3.056847677588743761e-01
1.485734527154319862e-01
-1.683717246569981785e-01
-2.810110234888635872e-01
3.137894535285946640e-01
3.671662262933766407e-01
1.991322060638233381e-03
-7.919253583970248256e-01
2.488122306889890278e-01
-4.098416674733987297e-01
8.415338302260487735e-01
1.865247835787184061e-01
1.578830580313690612e+00
-1.460695697436567686e+00
1.977076080832622929e-01
4.315042752703172890e-02
2.740641053849802999e-02
8.487585082551867277e-01
8.189016493561811494e-01
1.287366064094982665e+00
6.455883592231420609e-01
-1.194828999654935497e-01
-5.945101304032998080e-01
7.651902066972182670e-02
9.820394427252110425e-01
6.318700466561362195e-01
-6.765811714231690921e-01
4.207312884740517789e-01
3.999778010165715436e-01
-1.854597237237111673e-01
3.919252356307622448e-02
5.119044657284050892e-01
-9.745055794159848128e-01
-2.577346701161518649e-01
-5.427777924700591949e-01
9.292975378090710947e-01
7.968421891876489305e-01
-8.202414908352111123e-02
-1.618311145865505007e-01
-1.762164941253235584e-01
-3.120422449539426157e-01
1.876466573673130078e-01
-3.421645169247076179e-01
-1.174128811399046901e+00
6.616390458428187404e-01
-3.357569663973127005e-02
-1.558887548337489770e-01
9.485245161902351729e-02
5.402135144034806435e-01
-5.088215543630307813e-01
7.811442011231014559e-01
-4.078988537073154896e-01
1.038629542915176229e-01
5.726369380311655544e-01
-5.131172357774363979e-01
-2.114929846288044202e-01
-1.196879843836623075e-01
4.909844996037553422e-01
-4.455379352609500215e-02
2.870076509180967683e-01
8.051160660852850759e-01
3.706905736751364144e-01
2.012296826326379073e-01
3.790379172213523273e-01
8.278403075223293994e-01
-4.205730721390675830e-01
1.899824002740296003e-01
3.082338058912922896e-01
-4.962025164284938339e-01
3.900391652461758230e-01
6.370900402705512722e-01
6.079546496570732428e-01
-1.101264759139806371e+00
-5.627580644845915359e-01
4.624413499793901816e-01
4.932443453063676264e-01
1.333896178707297264e-02
-1.738500086682573942e+00
-5.884458263977730974e-01
-1.114522005365645940e+00
-3.558653392575690799e-01
-1.704069761605894739e-01
-1.381381936251127318e-01
1.142147110649915698e+00
2.275766056541960250e-02
-2.833708811857708620e-01
-4.916510778898579570e-01
1.175725859894288794e-02
6.567348132115634618e-01
-1.421618366428421543e-01
-4.145879235946092756e-01
-2.881376141633618104e-01
-3.262508363639514686e-01
-3.721051238878664291e-01
1.129155750447796286e-01
2.504993345645002700e-02
-5.025755463813219581e-01
-2.935045558148589029e-01
-4.157986999420397456e-02
3.597006926115754455e-01
-4.258345758186958818e-01
-4.401374599451683967e-01
4.640512913614258106e-01
-4.277206301443338687e-01
3.877765659788416919e-01
1.888345523453094366e-01
-2.485795633246756231e-01
6.093848413720186208e-02
2.560565116431910426e-01
3.844736723325006822e-01
-3.317073240376596788e-01
-3.656097018277777999e-01
-1.846095019458468822e-01
1.479379101296619259e-01
4.365026968219547915e-02
6.423396191301286029e-01
-2.134369921490361990e-02
-5.940594737420701321e-01
2.155320615294467335e-01
-2.213793973016404959e-01
1.234186723518658324e+00
3.250326813579195173e-01
-3.908327580987893540e-02
1.336493244429039495e-01
3.489193398553345760e-01
1.526682026512068968e-01
2.790130313774655813e-01
-6.506306196970341738e-01
8.650909446551973137e-01
-8.021537103727449658e-01
6.795261166348709470e-01
-5.646461138682034447e-02
-2.114484564150838908e-01
6.137778772345778844e-01
-2.911820301371914610e-01
5.261183929093398159e-01
-2.521547574339643716e-01
4.745157695484581439e-01
-3.758250234374997389e-01
-6.668721893765756636e-01
1.009880754997401209e-02
-4.243379597611341425e-01
5.040815445890017843e-01
-5.957296850359815599e-01
-1.370319977721068117e-01
-2.961870644859584956e-01
-1.526820043786320524e-01
2.520490381184319340e-01
-6.897232183555875862e-01
2.982867413789964672e-01
3.901466046613930039e-01
-4.428467354295328451e-01
1.035759131071447847e-01
-1.685046954483877257e-01
5.370431288556093419e-01
3.160135094198923134e-01
-3.067081441814947795e-01
2.996790281554634894e-01
6.543151950109613035e-02
-2.452144350871761080e-01
6.069934735026488726e-01
-1.874496512565430595e-01
8.223638173826586240e-02
3.396830030194621930e-01
3.618075925757093803e-01
3.354478013830436423e-01
4.721293157468653967e-01
9.734650283538899274e-01
6.798629539031315616e-01
-7.193038464469703186e-01
5.210040308227065382e-03
6.576671041145383256e-01
6.928547777396965035e-01
1.078339564331679407e-01
5.562702037639728481e-01
-1.502937742161494783e-01
-4.130931534395917981e-01
-4.504345205740694635e-01
1.859628809476124578e-01
-4.473685038850584439e-01
-5.970820551921026675e-01
-7.393704889523226020e-01
-6.292892304770675294e-01
9.299221200110940888e-01
-8.875253101642678333e-01
-2.818603467001222496e-02
1.130510767612511319e-01
-1.682995635858768046e-01
-7.482416793053072723e-01
4.254635653033495002e-01
-5.680628990218944407e-01
5.041718252349602913e-01
9.185318001871853877e-01
-2.140323361535587943e-01
5.597090781289612016e-01
-5.109988736075896654e-01
-5.617549332914041627e-02
3.175888898583305586e-01
5.943382195728713624e-01
2.758479619867466592e-01
8.830680556581538276e-01
3.784898745434698841e-01
8.457947506387664127e-01
4.350529080141627980e-01
4.375104493576228992e-01
-5.455063811499141213e-01
3.481645675170454424e-01
4.597495669539567453e-01
5.283715509647927133e-01
2.714984672205637550e-01
-8.510206646490336979e-01
4.039692935973711041e-01
-6.495886577710816567e-01
9.675291209028913375e-02
2.353754720546092361e-01
-3.953737191768028625e-01
-3.590066571305465803e-01
-3.668377461012763407e-01
6.471546806805508201e-01
-5.082295300160049045e-01
1.121220894568574211e+00
4.925688525772547455e-01
3.820088411820818930e-01
7.295940868731402018e-01
-2.839457038299813552e-01
-6.338803462962190327e-01
2.948201713612669805e-01
-7.662735278696187757e-01
-1.245272864789022382e-01
-3.896105166405108844e-01
1.012244770458533116e+00
-6.341171536987395552e-01
-1.994172984474110455e-01
1.080310711897938397e-01
3.971725430936805523e-01
5.393642037725272509e-01
-4.486320231655155366e-01
9.024779454010910529e-01
-5.619978226597431847e-01
1.222510944280867130e-02
-2.137345993932933119e-01
2.730189313663227146e-01
1.211851269709358858e+00
5.003993105623291138e-01
1.122250745767214980e-01
-2.123404379031392231e-01
-6.107381153213148339e-01
2.663149968049082772e-01
-5.682664590925978754e-01
3.025236769593868114e-01
-1.276775601260089488e+00
-3.888039950408027634e-01
-1.740522443739501157e-01
-9.918075508960291220e-01
-4.592428004528685825e-01
-6.801258231587908876e-02
-4.555994212291616940e-01
3.972649970082721416e-02
-9.181891536163826195e-02
-1.979691904965108218e-01
6.549451702650722629e-01
-9.361428983899253153e-02
1.092795258511944700e+00
3.940031625991433639e-01
2.949033175240668367e-02
1.482886222279367061e-01
2.328269710906634704e-01
2.859052026846952699e-01
-1.825403573849509742e-01
7.944076469992109590e-01
-2.591245645873986314e-01
1.048962618185823592e+00
1.299426018495448476e+00
5.701624700133127721e-01
5.602122045927249161e-01
1.475934093421424897e-01
1.928854528878515273e-01
1.060204231840350175e+00
4.804796870528978969e-01
-2.596241655864059070e-02
3.366241252365717029e-01
-6.492820323977543939e-01
5.332609999399425815e-01
-7.194629334723972036e-01
3.777334735328570225e-01
-1.572870552768534658e-01
-7.815328382071841107e-01
-2.936290101398263408e-01
-9.667922200618662976e-02
-8.703030304172200138e-01
-3.008655951512876833e-02
1.585444478394390233e-01
-8.300535707909908467e-01
9.104152903328771584e-01
-3.231053781938058034e-01
-7.741171006554364853e-02
1.962589223643688152e-01
-2.156336936497055545e-01
2.721117610233511064e-01
7.182317260433620509e-01
-4.941587575088300655e-03
-6.455960696495216533e-02
-3.402307341877228164e-01
3.169747526873960969e-02
6.223963210575262917e-01
2.983249171192044469e-01
3.480196042766156572e-01
2.649558906217174270e-01
-2.529473037508025435e-01
-4.703026978739889286e-01
1.133447143543984792e+00
-8.007030115082710564e-01
6.793411331241756557e-01
-5.639334522246399750e-01
-5.157669781779474633e-02
-3.857104264013216932e-02
7.943919160028313220e-01
-7.068164463112229789e-01
9.664046139625254161e-02
1.083029383356951258e-01
-9.617120877485750563e-02
7.882244058119280972e-02
5.616453132737346809e-01
1.828806784018226217e-01
4.872378028044428988e-01
3.628171560174616728e-01
2.693022134944674240e-01
-6.984611085311815959e-01
-7.726692208398787398e-02
4.742638518299676642e-01
6.181119416398743738e-01
-5.513998856349270339e-01
6.766952351838080304e-01
-5.834345757760610318e-02
8.758613413843967521e-01
4.618271263362820900e-01
1.479000790962266276e-01
-4.070116965266667997e-01
4.946949149621941988e-01
-2.322987054980619748e-01
-3.558349967733323016e-01
6.928768789256727345e-01
-3.006876933755827097e-01
9.008133924500376644e-01
-1.242872122479129482e-01
3.231251306554179248e-01
4.592080807638360129e-01
5.851796477059386659e-01
-4.225924985206349627e-01
2.882011207459010405e-01
5.908902502446411464e-01
-1.191749547135165649e-01
1.247018972437210049e+00
-5.995906119646094989e-01
5.052247991788304526e-01
1.445311802198850637e-01
-5.102270888541772520e-02
-1.701647476161478045e-01
9.717519359980200111e-01
4.623731089126144056e-01
-7.440055885889591547e-01
1.382385700525713412e-01
-4.117535230563109105e-01
7.177594865379498534e-01
-4.236552516188181183e-01
-2.216868634913627678e-01
3.468425504751168620e-01
-1.009283367705798629e+00
-1.645062793456045919e-02
-1.593265987925101823e-01
-3.841134712214177571e-01
-3.081015128338371323e-01
-2.729969481619621829e-01
5.349319291531795528e-01
1.899034484803404921e-01
-4.894716918359884872e-01
1.511842250863555392e-01
-7.557033976064334024e-02
7.483762501881650042e-01
-6.466770526962278831e-01
-6.090661384245326104e-01
3.763218428438458996e-01
-5.655614867887545083e-01
3.536484114774874343e-01
-1.782212392306571358e-01
-3.285250407298737629e-01
-3.521722037710759978e-01
-3.155814041992479613e-01
6.567295530369952061e-01
1.273903234363854775e+00
-6.878475513694216614e-01
2.857522985953324657e-01
2.078262457012440279e-01
4.731892146202109628e-01
5.688733962991482374e-01
4.807163012835222182e-01
2.797471260526605830e-02
-1.167788217956674313e+00
2.023509355625602579e-01
-8.485137526904884542e-03
6.387294766624096454e-01
-4.758284043407335906e-01
5.602544531973993047e-01
1.716666581671816572e-01
-8.068622680781455392e-01
-2.030327350774929207e-01
3.328844709781047517e-01
-8.460149241025889388e-01
-1.256650363755013322e-01
1.115217353244127851e-01
9.983818929943154372e-04
4.422507228740573670e-01
-2.277626510561319428e-01
-6.972229900736762742e-01
2.181496501099348950e-01
-4.184850895820689809e-01
-1.676123555980038246e-02
-7.300139375325402913e-01
-9.067498007575111041e-01
-1.648897885993878543e-01
-3.471719259442457989e-02
-6.466283171310851507e-01
5.138339096803653527e-01
8.528977257832368597e-01
-4.573412213797467540e-01
-5.766275751850368815e-03
3.720528970830527249e-01
4.758091161694759375e-02
-7.633389934643514119e-01
-1.168284395128948772e+00
3.516353825459435645e-01
-3.934306268066622980e-01
-9.510083244271891889e-01
2.829478812590075498e-01
-7.012805921380126373e-01
-4.623332329369214677e-01
1.708219464578620006e-01
8.424166208533027111e-01
4.773555708889083010e-02
-3.193578093975701915e-01
-6.847537040144281717e-02
-8.362654164148776159e-01
-4.313546490243573284e-01
1.019159870360074743e-01
1.183743121344128735e+00
8.457568697767757770e-01
-7.178484181621128668e-01
4.632178726429296289e-01
-9.179788119975550165e-02
3.367557377889348058e-01
-2.153597960297663205e-01
3.196306809460263687e-01
1.751863675377968721e-01
5.858540183590085215e-01
7.398836990043072825e-01
-4.147920648380433728e-01
4.995074858717589716e-01
5.359736395684296939e-01
-3.257752750997574553e-01
-2.490087339477313755e-01
4.239664959609271144e-01
-4.872442340535989014e-01
-8.856682699007738246e-02
-2.157271552297719275e-01
-3.237344931945472237e-01
5.039701251179088404e-01
6.040302374060472212e-01
-3.400962364095089230e-01
7.644532736694729103e-01
-1.281954141300941208e+00
-2.516267746756411516e-01
-5.796004753510169971e-01
-7.222706088680418413e-01
8.208816588053242658e-01
7.506018421604205848e-01
3.666411748357617517e-01
1.528828548023409561e-01
-1.025292509471328550e+00
-1.195085155748807498e-01
4.124708243807729824e-01
5.548186337937460744e-01
-4.864099422217635915e-01
7.923967628792064621e-01
3.783198806933970367e-03
4.024988989440129727e-01
-1.580682428874574108e-01
3.291157049941961787e-01
1.102395775042965376e+00
5.439190601250210033e-01
-3.085135883920994138e-01
5.883733430099047368e-01
-1.402647519920856012e-01
-8.761149244526631463e-01
-9.750473922734127497e-01
2.249387347555695249e-01
-3.409122285543839670e-01
1.633537693127364021e-01
-4.808307282090628632e-01
-3.568657059818226562e-01
-2.960353494933170015e-01
1.121540613052336190e-03
-1.044905458375694041e+00
-4.117407279735136871e-01
-2.449818023582272242e-01
5.003549007442420482e-01
-6.205068680878791376e-01
-7.527623187197595156e-01
4.388655388835742688e-01
-3.078096549993055153e-01
-3.101833236559526918e-01
6.719264366305597314e-01
-3.156828909917401560e-02
-2.095078819715646412e-01
3.520325978756392860e-01
-7.257950921980046988e-02
9.031346954243298919e-01
-9.347528497565910088e-01
1.360052219733035861e-01
1.868704512678484031e-01
1.902652858659906743e-01
-1.105224369929738854e-01
4.757055931138314819e-01
1.963559951639613499e-01
1.970159501728953322e-01
6.111611262104357234e-01
-3.900777977286375431e-01
6.429673528857409170e-01
-2.721886631139804336e-01
-1.113195307776573689e-01
6.763483545071028447e-01
5.528595482470413103e-01
-6.509205656059188216e-01
4.237723624503249575e-01
-1.631492417256116045e+00
-3.547934903954074182e-01
1.074373997947827147e-01
-4.894618534861426840e-01
-7.679231669658329595e-01
-7.572887717961382936e-01
-4.766421745353977002e-01
-2.424892225464588824e-01
-4.974167569790556298e-01
2.129846997715398871e-01
2.295130884316601283e-01
-2.616106610715713821e-01
-4.379518094634920339e-03
5.735550780453786412e-01
5.181115177506269154e-01
3.279993765803197736e-02
2.024835385874786953e-01
-5.417085956542145864e-01
1.193131478199791484e+00
3.959059421253668387e-01
-3.940570132606518450e-01
5.112038796567487386e-01
5.844099980585219789e-02
-1.523177668433694509e-01
5.267234030528191724e-01
-1.047674272539438345e+00
1.125385000005805214e+00
1.888152448461763722e-01
-7.520418408015352996e-02
2.793447195276047568e-01
-2.376518696669141506e-01
-2.358822085659762757e-01
-1.542410966324004595e-01
1.124432008301685659e+00
2.511224952993698634e-01
7.164545432521887691e-02
-2.594042999552864104e-01
-1.378789709082586246e-01
1.634810707102940519e-01
2.069438790548652485e-01
-1.042155791258779912e-01
7.015724770666833532e-01
-1.847464422490804198e-02
-3.889641215307257927e-01
-5.531555331888488025e-01
-6.835912098408122306e-01
-4.293124853035822919e-01
4.599467224422659761e-01
-3.661063193385832304e-01
7.230759719121364337e-02
2.673123653896629648e-01
9.463666175806837756e-04
4.907139860161550127e-01
-2.327336880207232783e-01
2.082073354932466869e-01
-9.116757753750658055e-02
1.115417793741347863e-01
5.705259763242026549e-01
7.296248746902610216e-02
1.675102963215111262e-01
3.999664165342357025e-01
9.833580938142763572e-02
1.022376674918481498e+00
9.356592382083203097e-01
-4.165118931576031192e-02
-6.037701818558093708e-02
1.232294035408627517e-02
1.835156355232838987e-01
5.985831248784388992e-01
-2.794373271070730858e-01
6.279098154478072180e-01
-2.348103205886195033e-01
9.812171134314677801e-01
5.400930428351565782e-01
-3.569061361235962293e-01
4.181096187622789784e-01
-1.169930695821035926e-01
-2.664278850385311537e-01
6.592487157383009055e-01
-7.185387491574758423e-01
4.301590322696882129e-01
4.250169383004081536e-01
4.596628612890556465e-01
8.027537696432825165e-02
7.093090742398087123e-01
1.447311631263470622e+00
-4.843646995385140763e-01
-2.470730208561198737e-01
1.799512412030292996e-01
-1.466691989929309825e+00
-7.670644387522522756e-01
-2.738845673102261458e-01
1.721158663774779995e-01
-4.955444243081081335e-01
-9.677895638556419100e-02
-3.473656725127156619e-01
8.906860881764154803e-01
-9.413032172340266013e-02
7.309823262457249005e-01
3.010761318892192229e-01
-3.650410661705502102e-01
-7.164413717137184667e-01
-2.113181990474798932e-01
-5.313638715422501768e-01
4.800983369964390013e-01
1.124989208174286964e-01
-3.452147258103412941e-01
-7.514296193491659670e-01
1.513021739127594634e-01
-9.823960999981216913e-02
1.020106957203830295e-01
8.910729296928779908e-01
-7.911068442920671018e+00
