-0.184367
-0.240656
-0.286084
-0.375265
-0.389970
-0.473022
-0.410954
-0.435044
-0.411849
0.200665
-0.062124
-0.041199
-0.365838
-0.365309
-0.185399
-0.031295
-0.257984
0.139024
-0.237488
-0.121897
-0.069115
-0.075189
0.046964
-0.008440
-0.205736
-0.219285
-0.186291
-0.134086
0.008465
0.088758
0.108357
0.114993
0.094592
0.201562
0.102186
0.171924
0.082935
0.119556
0.065304
-0.100547
-0.346999
-0.140462
0.147188
-0.073526
0.013530
0.082989
0.124350
0.038061
-0.126543
-0.166182
-0.222132
-0.001147
0.079062
0.053783
0.030129
0.094852
-0.088799
0.174176
0.155108
0.027773
0.121707
-0.100737
0.076813
-0.150541
0.006821
0.193508
0.009870
0.255545
0.226962
0.081448
0.078173
0.006816
-0.113730
0.160071
-0.101400
-0.230517
-0.180383
-0.056454
0.068610
-0.037529
-0.104798
-0.066724
0.023909
0.085558
0.004584
-0.174446
0.220225
0.020305
-0.040784
-0.085020
-0.240621
-0.053521
-0.086552
-0.007272
0.224382
0.239237
0.019837
-0.027067
-0.022146
-0.073021
0.038973
-0.044651
0.147335
0.054372
0.151181
-0.107519
-0.151330
0.074038
0.010202
-0.015466
0.003726
0.022253
-0.253597
-0.053764
-0.019848
-0.068344
0.035129
-0.295565
0.015002
-0.037180
-0.153234
-0.289372
0.019006
-0.123516
0.028161
-0.105068
-0.036843
0.015577
0.024815
-0.023942
0.030233
0.084229
0.048316
-0.097315
0.104496
0.157937
0.148015
0.090455
0.037020
-0.088000
0.162478
-0.076037
-0.114058
0.042989
-0.130979
-0.162752
-0.062068
-0.096248
-0.222219
-0.010563
0.070629
0.006765
-0.045973
-0.306437
0.044543
0.110404
0.163461
-0.254610
0.055279
0.025342
-0.101485
-0.086554
0.064528
-0.170268
-0.065588
0.134423
0.032072
0.171360
0.130991
-0.058987
0.244054
-0.206918
-0.031987
0.111508
0.119938
-0.022518
0.158138
0.108468
-0.133649
0.155097
0.094638
0.167112
-0.051640
-0.056384
0.039294
-0.037258
0.050362
-0.024238
0.004749
0.086987
-0.005174
-0.007343
-0.014316
-0.253211
0.149624
-0.010923
-0.000844
0.032194
0.038500
-0.114669
-0.006314
0.116652
-0.010678
-0.087360
0.075230
-0.042868
0.355971
-0.069879
-0.129098
-0.120262
-0.160502
-0.074708
0.057431
-0.002887
0.024247
0.047939
-0.063329
0.009957
0.174720
0.048732
-0.176116
0.062969
0.038199
0.025444
-0.243277
-0.080243
-0.052222
0.020199
-0.206576
-0.287841
0.018867
-0.080173
0.014147
-0.143292
0.072698
0.124531
0.006061
-0.080870
0.094433
0.104680
-0.086264
0.083109
0.181815
0.039282
0.095415
-0.049791
0.021917
-0.120201
-0.064981
0.062805
0.060582
-0.119001
-0.016819
-0.196025
-0.089494
0.099626
-0.115683
0.013470
-0.156745
0.080907
0.080240
-0.184046
-0.127564
-0.015555
-0.029077
-0.147438
-0.154486
-0.206222
-0.058817
0.032559
0.198985
0.184979
0.059746
0.233566
-0.224959
0.193127
0.084896
-0.010137
-0.036328
-0.036184
-0.036938
-0.100531
0.165787
0.086575
0.017695
-0.089093
-0.012945
-0.093448
-0.049316
-0.056224
0.121896
0.016414
-0.183680
-0.043118
-0.027409
0.058801
0.154879
-0.164390
-0.086446
-0.115048
0.003376
-0.269205
0.009140
-0.031016
0.075742
-0.048661
0.112589
-0.135542
0.008291
0.037965
-0.020204
0.039870
-0.038185
0.087893
0.091455
0.047620
0.029644
0.203497
0.071927
-0.046442
0.034087
0.052641
0.013920
0.076199
-0.045068
-0.064142
-0.002703
0.195286
-0.216925
0.067389
-0.133455
0.046950
-0.084509
0.043568
-0.100457
-0.086886
0.145502
-0.272303
-0.108223
-0.243108
-0.135059
0.000162
-0.025708
0.065002
0.095023
0.099358
0.002678
0.187050
0.015385
0.013313
-0.078575
0.096183
-0.074300
0.003108
0.150765
-0.033386
-0.090944
0.071219
-0.015498
-0.077360
0.429253
-0.074204
-0.024009
-0.128567
-0.011247
-0.173870
-0.177421
-0.049994
0.304634
-0.270677
-0.355836
-0.303639
-0.537111
-0.345724
-0.302216
-0.154299
-0.185479
-0.270735
0.139869
0.031043
0.100447
0.059098
0.161727
0.062423
0.183150
0.084664
0.070689
-0.179355
-0.119634
-0.101523
0.018946
0.062343
0.021993
-0.085244
-0.279683
-0.290645
-0.338977
-0.078578
-0.041722
-0.060996
0.057899
-0.047697
-0.025261
-0.066512
-0.384714
-0.205324
0.050614
-0.032136
-0.035624
-0.102323
-0.037291
0.033658
0.178654
-0.050657
-0.322802
0.036644
-0.040171
0.075329
0.037733
-0.007164
0.138956
0.190188
-0.019106
-0.006077
0.070442
0.075926
-0.080441
-0.059924
-0.003225
-0.015040
0.194948
0.135662
-0.090254
0.099607
-0.077433
0.112224
-0.034666
-0.092495
0.019865
-0.154483
0.017788
0.002351
-0.063246
0.049430
0.062672
-0.096342
0.019484
0.091615
-0.236825
0.072114
-0.056391
-0.091825
0.127311
0.143631
-0.007733
0.014913
0.012645
0.034903
0.107832
-0.012777
-0.199973
-0.062634
0.161713
0.077774
-0.034036
-0.174997
-0.099787
0.039257
-0.036971
0.037818
-0.134394
0.074937
-0.056264
-0.001328
0.122275
-0.016651
0.030214
-0.094344
0.074992
-0.076360
0.160088
-0.020052
-0.057465
0.042405
-0.089746
0.054469
0.069207
-0.017874
-0.199479
-0.118429
0.006939
-0.055181
0.091796
0.087801
-0.009872
0.079234
0.096562
-0.055890
-0.022061
0.161695
0.015274
-0.032319
0.031652
-0.025490
0.080307
0.029950
0.064268
-0.198819
-0.100794
-0.157952
0.004580
-0.059063
0.025877
0.198141
0.066663
0.112499
-0.028730
0.190789
0.035551
0.066402
0.075918
0.025871
-0.039255
-0.023175
-0.048715
0.063637
0.113015
0.013262
-0.093414
-0.105586
-0.136588
0.081670
0.169553
0.260469
-0.016140
0.069651
0.038499
-0.066962
0.169275
0.159638
-0.058762
-0.147366
-0.180746
-0.167265
0.131954
0.055379
-0.138181
-0.024339
-0.122358
-0.051719
-0.018218
-0.045008
-0.063652
-0.036789
0.093662
0.037799
0.014039
0.082115
0.011414
0.069522
0.175655
0.005413
0.032777
0.028015
-0.076862
0.087736
0.123764
0.032174
0.298529
0.170029
0.015284
-0.114390
0.078154
-0.026484
0.179992
-0.005182
-0.138538
-0.133774
-0.164604
0.061089
-0.018431
-0.088667
-0.044692
0.074963
-0.089691
-0.263405
-0.117481
-0.075420
0.042223
0.017928
0.060647
0.001786
0.013641
-0.101755
0.004494
0.264177
0.026659
-0.025166
0.006274
-0.163567
-0.153686
0.088582
0.025374
-0.043171
-0.016383
0.081061
0.082947
-0.052767
-0.002045
-0.100598
-0.034332
-0.131376
-0.007313
0.046994
0.124704
0.143330
0.031691
0.018346
-0.099230
0.023839
0.018129
-0.026597
-0.037052
-0.057866
-0.028997
0.180629
0.066165
0.015887
-0.075088
-0.165734
0.096730
0.025515
0.077220
0.070218
-0.077948
0.181480
0.012068
-0.090722
-0.015435
0.142329
0.040820
0.110204
0.068754
0.116891
-0.018996
-0.068788
-0.162002
-0.006444
0.040735
0.140182
-0.030527
-0.123076
0.101763
0.132023
0.063454
-0.030056
-0.153303
0.063104
-0.162291
-0.051070
-0.119446
0.076281
0.045899
-0.167668
-0.022929
-0.000060
-0.036791
0.159529
0.125956
0.041527
0.007994
-0.013675
-0.021014
-0.053959
0.152779
0.089611
0.002342
0.003212
-0.027000
0.006537
0.098073
-0.103803
-0.108451
0.028229
0.048655
-0.220304
-0.010417
0.055740
0.018430
-0.021258
-0.183426
0.073502
-0.037374
-0.061287
-0.189305
-0.067233
-0.155614
0.035173
0.013702
-0.137718
-0.015434
-0.020060
0.077882
-0.016672
0.030945
0.110260
-0.071593
0.167386
0.162717
0.109743
0.111848
0.028009
-0.192630
-0.082906
0.109241
0.083342
-0.263710
0.139728
-0.049343
0.102860
0.118820
0.056899
-0.016332
0.055499
-0.043867
0.191013
0.135301
0.079905
0.026561
-0.080088
-0.027293
0.003461
-0.046358
-0.110065
-0.021582
0.095516
0.001405
-0.174763
-0.049101
0.006937
-0.029259
0.084563
-0.010378
0.025625
0.166909
0.054672
0.081097
-0.017861
-0.073285
-0.018659
0.131164
-0.299518
0.014719
-0.044339
0.008254
0.073196
-0.039701
-0.004297
-0.018838
-0.037518
0.152209
-0.108544
0.150570
-0.027303
-0.101157
-0.224031
-0.162613
-0.171519
0.059250
0.196241
-0.117720
0.071013
-0.287017
-0.315876
0.115413
-0.025940
0.022005
-0.102386
-0.140958
0.036605
0.170915
-0.027463
0.085478
-0.108825
0.005174
-0.027259
-0.086676
0.049187
0.132457
0.094939
-0.030575
-0.286720
-0.198556
0.096536
-0.067775
-0.039638
0.165856
-0.158030
-0.037230
0.059124
-0.210320
0.020933
0.113477
0.171828
-0.095838
0.112011
-0.177244
-0.038201
0.015880
0.264417
-0.277266
-0.152151
-0.100625
-0.013319
0.016835
-0.207802
-0.075009
0.114405
-0.054170
-0.145499
0.148089
0.069316
0.059403
0.002936
0.072857
0.065535
-0.020083
-0.061319
-0.035002
0.003422
0.076205
-0.135812
0.000499
0.012096
-0.035094
0.061101
0.132946
-0.093973
0.015465
0.026737
-0.033058
-0.010321
0.035640
-0.163399
-0.079079
-0.117666
-0.047005
-0.004505
0.031918
-0.004998
0.022761
0.058847
0.050257
0.125980
-0.081231
-0.001652
0.039432
0.123625
0.007986
-0.291417
0.127417
-0.017584
-0.064456
0.016130
-0.004545
0.008473
-0.090299
-0.215137
-0.150092
-0.121632
0.013370
-0.018579
-0.012444
0.068633
0.015986
0.037435
-0.031095
-0.108305
0.004225
0.047984
0.097100
0.026428
-0.109950
0.019623
0.075067
-0.104395
-0.001717
0.198413
0.029553
-0.071432
0.095374
-0.197995
0.075469
0.193749
0.030267
-0.192085
0.098472
-0.033892
0.062579
-0.023047
0.160022
0.096109
-0.017561
0.065065
0.013499
-0.078223
0.074991
0.046350
0.073256
-0.004335
-0.033735
0.017466
0.011252
0.012411
0.005476
-0.004762
-0.016402
-0.126168
0.039357
0.016914
-0.096542
-0.029282
-0.036241
0.154380
0.106683
0.048437
0.040308
0.024015
0.045800
-0.079618
0.004733
-0.268498
0.113764
0.067830
-0.019197
0.146924
-0.212170
-0.121969
0.022174
-0.087820
0.102890
-0.095193
-0.054601
0.104574
-0.200900
0.037216
-0.165936
0.184819
-0.062638
0.013525
0.012734
-0.046914
0.088556
0.005329
0.249656
0.045420
-0.050465
0.285649
0.011524
-0.012726
-0.073933
0.058102
0.115972
0.153295
-0.068866
0.202180
0.153679
-0.126952
0.159890
0.044890
0.129537
0.078463
-0.048042
-0.019255
0.192316
-0.081152
0.155768
-0.161698
-0.083100
-0.074012
-0.029828
0.089173
0.109157
0.007289
-0.112626
0.102230
0.000678
-0.019347
0.003296
0.013859
-0.061692
-0.150297
0.020656
0.102451
0.061927
-0.028597
-0.024083
0.049195
0.149075
-0.118361
-0.054510
-0.185586
-0.053348
-0.043000
0.203969
0.035417
0.090531
-0.105406
0.052915
-0.026120
-0.044481
-0.137636
-0.028896
0.209465
0.031719
0.015476
0.028296
-0.024205
0.201551
0.057066
-0.062072
0.062670
0.121735
-0.158622
-0.003253
0.139887
-0.148885
0.059527
-0.113815
0.027424
0.121285
0.107187
-0.077841
0.161976
-0.032893
0.004123
0.127515
-0.050684
0.075572
-0.024730
0.086696
-0.197814
0.117465
0.029034
-0.116532
0.035507
-0.008445
0.021744
-0.048444
-0.077510
0.068264
0.081455
0.147768
-0.010327
-0.015191
-0.120101
-0.165201
0.143198
-0.114081
-0.072634
-0.141903
0.046961
0.196510
0.104368
0.013489
0.259747
-0.156345
0.096170
-0.076984
0.076818
0.143603
0.021893
0.107619
0.011399
0.120951
0.053707
0.087940
-0.024764
-0.040526
0.039975
0.074526
0.022675
-0.171468
-0.086301
0.098272
-0.073855
0.063121
0.072722
-0.041801
0.070262
0.065841
-0.190236
-0.192530
0.102526
-0.300112
0.093484
-0.052347
-0.064583
0.113392
-0.025683
-0.061748
0.160200
0.070379
0.065361
0.169291
0.150902
0.090761
0.005087
0.069986
0.054805
-0.062579
0.058002
-0.164589
0.240186
-0.128587
-0.152053
-0.069445
0.083769
-0.097226
-0.149818
-0.004278
0.001296
-0.022571
-0.057113
-0.056865
0.012969
-0.007649
-0.002379
0.074751
0.016780
-0.017868
0.081508
-0.033141
0.089558
0.085225
0.140195
-0.020055
0.090929
-0.029595
0.221754
0.119442
-0.071221
-0.021080
0.091909
0.043542
0.017428
0.262412
-0.065421
0.083299
0.041350
-0.121050
0.126723
-0.002171
-0.097965
-0.007100
-0.231964
-0.060557
-0.171301
0.112458
-0.047742
0.019438
-0.182834
-0.005808
0.044506
-0.108130
0.034870
0.015366
-0.044466
0.019522
-0.252313
0.088609
0.049114
0.145364
0.056904
0.061351
0.033403
-0.003346
0.087065
0.119528
-0.087473
0.090562
0.063186
0.032837
-0.033986
0.184538
0.004174
0.053820
-0.188231
-0.066791
-0.095144
-0.048141
0.070807
0.128088
-0.149415
-0.082956
0.086825
-0.123860
0.127967
0.210561
0.008906
-0.147518
-0.068728
0.012815
-0.161917
0.108525
-0.135070
0.012472
-0.162377
0.123788
0.116341
0.009130
-0.091645
0.196834
0.124908
-0.166836
0.178350
-0.236745
-0.052108
-0.097966
0.041812
-0.074034
0.053025
-0.019777
0.168255
0.054185
-0.033617
-0.018123
0.016810
0.015399
-0.112011
-0.050297
0.176623
-0.139575
0.012104
-0.085246
-0.012504
0.123392
0.038805
0.134324
0.169888
0.069375
0.054627
0.203111
-0.076050
-0.090717
-0.052697
-0.081506
-0.097366
0.036566
0.004814
0.023004
-0.043697
-0.028406
0.097175
0.188470
-0.192538
0.120876
-0.006367
-0.071517
-0.063508
0.113595
0.027376
-0.117595
-0.165254
-0.009512
0.081697
0.081073
0.097071
0.053975
0.090442
0.103978
0.160639
-0.047257
-0.027153
0.064491
-0.055963
-0.107992
-0.010350
0.077389
0.082228
-0.052110
0.015214
0.029420
-0.049242
0.017542
0.111816
-0.104330
0.001003
0.049867
0.091625
0.208325
0.056888
0.067305
-0.064528
-0.138011
-0.031023
-0.050645
-0.011026
-0.027881
-0.112660
0.000689
-0.125608
-0.048217
-0.180733
-0.094686
-0.058531
-0.026899
0.093978
-0.072302
-0.037666
-0.038628
-0.084921
-0.005377
0.187853
0.176691
-0.130332
-0.069599
0.029846
-0.047003
-0.010099
-0.040586
-0.002098
0.091702
0.057831
0.139149
0.150397
0.228408
0.104876
0.170113
0.124051
0.014856
0.086699
0.104619
-0.082069
-0.112516
-0.054138
0.007790
-0.101974
-0.187661
0.009081
0.273604
-0.081065
-0.070280
0.139226
-0.045180
0.090775
0.100305
0.033908
0.035976
0.008834
-0.041971
0.165812
0.031147
-0.120849
0.137793
0.200820
-0.146385
0.019410
0.133413
-0.127303
-0.090170
0.113007
-0.175084
0.044755
0.074751
0.032488
0.041476
-0.032491
-0.083554
-0.142660
-0.060055
0.041812
0.172878
-0.073669
-0.036910
-0.051891
-0.024644
0.153674
0.041693
-0.216029
0.066901
0.024509
-0.074107
-0.026054
-0.048536
0.006374
-0.169398
-0.079778
0.117762
-0.076773
0.032499
-0.074656
-0.058013
-0.181432
0.007371
0.017361
0.086642
0.157113
0.069129
-0.087340
-0.062963
-0.076057
-0.127016
-0.063118
-0.153873
0.039716
0.075912
0.030172
0.148866
-0.097781
0.034093
-0.022388
-0.049150
-0.102061
-0.094421
-0.105454
0.034507
0.099062
0.090009
-0.016332
0.077838
0.132857
0.035010
0.283759
0.162249
0.118802
-0.064866
-0.086787
0.000221
-0.041196
0.112540
-0.179524
-0.012179
-0.173970
0.178855
-0.176474
-0.008389
0.050022
-0.035581
-0.019060
0.004487
-0.061757
-0.227464
-0.037108
0.066210
0.053818
-0.011449
-0.062940
-0.044381
0.075630
0.208281
0.029872
-0.096710
0.075394
0.003886
-0.044992
-0.046291
0.010995
0.089275
0.033464
-0.067542
0.110804
-0.078960
0.341510
0.308946
0.099341
0.040294
0.110261
0.109508
0.022945
0.130480
-0.038734
0.011879
0.121591
-0.035999
-0.184509
0.058483
-0.027783
0.110846
0.046825
0.062941
0.014312
-0.091971
0.109909
0.019099
0.105044
-0.130510
0.058744
-0.310497
0.054451
-0.141092
-0.184140
0.001992
0.019085
-0.011580
-0.033397
0.079989
0.106703
-0.112531
0.071089
0.048233
0.044600
-0.207234
-0.014350
-0.067847
0.081051
-0.162770
-0.103423
0.193040
-0.192279
0.021590
-0.082347
-0.045562
-0.107178
-0.125861
0.111741
0.127067
0.063415
-0.082438
0.082329
0.000554
-0.083217
-0.135457
-0.113272
0.045446
-0.037331
-0.096174
-0.058957
-0.116691
-0.060085
0.059767
-0.027297
0.015737
0.195932
0.072989
0.162965
-0.085588
0.159360
0.166828
0.057377
-0.142900
-0.046537
-0.030779
-0.144474
-0.078987
-0.153320
-0.074424
0.024826
0.017552
-0.030168
-0.061146
-0.196080
0.092722
-0.198514
-0.195325
0.023809
-0.039088
-0.164086
-0.036649
-0.002184
-0.107142
0.104864
-0.176623
-0.103289
-0.130958
-0.158061
0.124270
-0.073066
0.014460
0.051119
0.044948
0.088920
0.083260
0.085404
0.064415
0.150785
-0.134054
-0.034987
0.112000
-0.179839
-0.171929
-0.007650
-0.065083
0.057618
-0.145618
-0.138900
0.108005
0.050227
0.092620
-0.096558
0.140103
0.058992
-0.149103
0.093096
-0.060655
0.096925
-0.153577
0.156132
-0.207928
0.078997
-0.074490
-0.016450
-0.236578
0.040227
0.042806
-0.072275
0.064528
0.082142
0.066937
0.019115
-0.068810
0.009455
0.258482
0.119873
-0.000294
0.081180
0.071186
-0.038829
0.176126
0.141603
0.094657
-0.072474
0.055520
0.088951
0.014577
-0.091393
0.128512
0.022045
-0.143625
-0.155492
-0.133507
0.040715
0.153127
0.029084
0.078760
-0.284636
0.024397
-0.179483
0.006171
0.006093
-0.167323
0.065126
-0.055522
-0.093774
-0.008772
0.133180
0.032980
-0.001538
0.060306
-0.023069
0.000756
-0.125937
0.139182
-0.138609
0.013585
-0.044993
-0.077924
-0.049198
-0.090392
0.229286
0.035302
-0.019312
-0.013831
0.057787
0.011989
0.145050
-0.050589
0.070983
0.246060
0.018404
0.148413
0.025821
-0.003800
0.026164
-0.164907
-0.071007
0.034143
0.164068
-0.183708
0.191767
0.025832
0.004069
-0.020202
-0.116101
0.151367
0.108697
-0.011334
-0.342352
0.070736
-0.069590
-0.024411
-0.023389
0.255298
-0.189603
-0.077134
-0.023677
0.129158
0.073959
-0.084023
0.010622
-0.023520
0.034045
0.096960
0.003720
-0.095604
-0.007241
0.001411
0.051835
-0.083610
-0.055247
0.119879
0.142740
-0.126044
-0.067425
0.094979
-0.056052
-0.084881
-0.024694
-0.016736
0.146591
0.185274
-0.044604
0.158445
-0.074166
-0.126541
-0.183305
-0.059348
0.000114
0.064798
0.169300
0.028453
-0.016240
0.061757
-0.065459
-0.057127
-0.217139
0.059630
0.061025
0.122028
-0.045510
-0.017422
0.137543
0.111615
0.090352
-0.078061
0.075027
0.057508
-0.005331
-0.097551
0.090593
0.060375
0.069296
-0.134891
-0.089954
0.020562
0.097383
0.244728
-0.049731
0.035737
0.090986
0.178369
0.003096
-0.086914
0.159894
0.051722
-0.145999
0.212559
-0.109704
0.017751
0.073839
0.022065
-0.072583
0.150808
0.015872
-0.111020
0.126243
-0.090815
-0.107618
0.032293
-0.061235
-0.074008
0.007797
0.059010
-0.063356
0.170216
-0.114371
-0.123481
0.081248
0.043378
-0.032569
0.102136
0.013740
-0.184397
0.033501
0.056179
-0.141858
0.073484
0.097708
0.037027
0.143351
-0.040934
0.016859
-0.099227
-0.035824
-0.150908
-0.203654
-0.104849
-0.000459
0.022805
-0.063994
0.017690
-0.163246
-0.079175
-0.086920
-0.255346
-0.356135
-0.340839
-0.103678
-0.020046
-0.034109
-0.010188
-0.046878
-0.002865
0.076001
0.181619
0.182710
0.082330
-0.226771
0.079235
-0.013023
-0.039080
-0.190647
0.052970
0.080433
-0.145511
-0.189249
0.044228
-0.039803
0.047911
-0.164395
0.171963
0.092543
-0.038228
-0.196162
-0.108798
0.099332
-0.046857
0.008557
-0.061122
0.016014
-0.015660
0.133478
-0.116690
-0.096889
-0.077075
0.160753
0.064305
-0.186131
-0.093456
-0.103027
0.170094
0.067392
-0.150597
-0.064423
0.014422
0.055572
0.103984
-0.135516
0.067267
0.134290
-0.137448
-0.144965
0.053131
0.011819
-0.030791
-0.124171
-0.201265
-0.139430
-0.082627
-0.036875
-0.140720
-0.069007
0.031750
0.075732
-0.082032
0.057453
-0.032233
-0.145711
-0.137701
-0.176913
0.080488
-0.050625
-0.053189
-0.000044
-0.198026
-0.040541
0.119538
-0.061124
0.087445
0.099045
0.141908
0.175315
-0.061549
-0.016032
-0.013696
-0.014277
0.109605
0.086736
0.092505
0.039439
0.150513
-0.094327
0.113407
0.001245
-0.152091
0.001036
0.088515
0.097255
-0.039508
-0.144219
-0.075296
0.167556
-0.177081
-0.074742
0.041564
-0.136796
-0.011644
-0.004233
0.012531
-0.023440
-0.035210
0.050746
0.038195
0.062514
-0.004188
0.026184
-0.010084
-0.264878
-0.023510
-0.060079
0.011622
-0.061856
0.191614
0.018305
-0.052802
-0.099084
0.003333
-0.020223
0.041609
-0.026998
0.077681
0.052800
-0.084897
-0.176959
-0.077804
-0.045898
0.084175
-0.077457
0.056371
-0.093559
-0.168689
-0.170176
-0.071871
0.143268
0.002212
0.068203
-0.115503
-0.078980
0.147363
0.214076
-0.037936
-0.058081
0.088247
0.097619
0.091787
-0.233660
0.031350
0.135689
0.021382
-0.201106
-0.171799
0.064871
0.076314
0.117120
0.150697
-0.185632
0.003866
-0.058240
-0.106277
0.177946
0.155630
-0.043964
-0.015507
0.055539
0.019754
-0.101785
-0.021854
0.290068
-0.178709
-0.100776
-0.023929
0.091841
-0.014145
0.080476
0.110598
-0.074893
-0.169709
0.089883
0.092877
0.059515
-0.020083
-0.074741
-0.178554
-0.152607
0.086192
0.087508
-0.018719
-0.021351
-0.172529
-0.046665
0.241061
-0.037798
0.089912
0.020356
0.109189
0.035841
-0.010094
0.082627
-0.017187
0.271218
0.103458
0.011198
0.047760
-0.084954
0.232497
-0.068012
0.127158
0.179067
-0.025357
-0.103040
0.060545
0.013957
-0.048198
0.243792
-0.086703
0.166487
0.078633
-0.086805
0.005497
0.066305
-0.076758
-0.050162
0.004957
0.003665
0.003268
-0.137577
-0.007275
-0.100418
0.014089
0.047273
-0.022231
-0.056147
0.115006
-0.005507
-0.113891
-0.041301
-0.112699
-0.141206
0.164075
0.359314
0.162965
-0.047302
-0.002242
-0.070365
-0.045059
-0.027923
-0.055796
-0.128245
-0.054987
0.038494
-0.053610
-0.035218
-0.031364
0.009438
-0.044939
-0.015641
-0.135746
0.123436
-0.080055
-0.118139
-0.143497
-0.107955
0.027383
-0.152919
-0.118666
-0.066286
0.005642
0.149663
-0.121446
-0.119387
0.036270
0.247284
0.091318
0.067924
0.005496
-0.000768
-0.061233
-0.195348
-0.033500
0.083736
-0.030344
-0.034946
0.002735
-0.144325
0.089423
0.137100
0.008452
0.175790
0.038149
0.183398
0.103538
0.135568
0.123030
0.151075
0.116968
-0.171431
-0.115622
0.030206
0.148670
0.015713
0.000543
0.016246
-0.031486
0.066580
0.156756
0.006554
0.140690
0.219581
0.115418
0.056473
0.045039
0.094689
-0.050507
-0.171179
-0.034387
0.016013
0.292102
0.078830
0.061845
0.154558
0.031984
-0.148812
0.085202
0.123724
0.122740
0.042688
-0.033636
-0.031888
0.092137
-0.102167
0.081688
-0.038547
0.087888
-0.056181
-0.080632
-0.089170
-0.015442
-0.057068
-0.133661
-0.008600
-0.098405
0.002086
0.100500
0.209127
0.092007
0.095832
-0.143213
-0.052884
0.085493
0.145091
0.232204
0.145351
0.002496
-0.108334
0.023216
0.055917
0.028057
0.085279
0.057588
0.029793
-0.116535
-0.026048
0.093310
0.004169
-0.132429
-0.044151
-0.100223
-0.004426
0.061778
-0.017886
0.243506
-0.014174
0.060972
0.123582
-0.062083
-0.228115
-0.051127
-0.054343
-0.105569
0.035377
0.002444
-0.034679
-0.054728
-0.026376
0.053977
-0.121361
0.033032
-0.190719
-0.100103
-0.117453
-0.095451
-0.158632
-0.017070
-0.061118
-0.093700
-0.016917
0.101260
-0.077935
-0.108944
0.147674
-0.113148
-0.012443
0.073233
0.074991
-0.026980
-0.118404
0.116115
-0.141694
0.122726
0.055068
-0.003189
0.020971
-0.075348
-0.064998
0.023422
0.064552
0.060022
0.009019
-0.208114
-0.182207
0.195648
0.022563
0.016846
-0.149196
-0.125019
-0.121496
0.157639
0.124674
0.171767
0.099302
-0.101608
0.193696
-0.067912
0.108150
0.321149
-0.201622
-0.172375
0.127559
-0.032864
-0.090541
0.033953
0.048394
0.206920
0.020834
0.126174
-0.114865
-0.056862
0.019595
0.064599
0.044635
-0.266585
0.229751
-0.006001
0.105844
-0.011317
0.030536
-0.067555
-0.155843
-0.001538
0.102876
-0.072363
0.096262
0.081302
-0.149812
-0.088455
0.150481
-0.167709
-0.171142
-0.109962
0.067955
-0.111335
0.026516
0.019936
0.189087
0.016731
0.237635
0.114903
0.040971
0.138433
0.130910
0.053687
0.065966
-0.004571
-0.102866
-0.069978
-0.023852
-0.047783
0.197875
0.202798
-0.120579
0.062408
0.012736
0.165983
0.115987
-0.134608
0.005191
0.033111
0.038046
0.079911
0.048908
0.249649
-0.114844
0.057372
0.120149
-0.064920
0.217015
0.136656
-0.058525
-0.022028
0.089907
-0.100807
0.044206
0.103562
-0.032705
0.059426
-0.066741
-0.094389
0.133227
0.007725
-0.034407
0.191332
0.182948
-0.053794
0.064047
0.085931
0.264404
0.219103
-0.056650
0.033300
-0.000971
0.098598
0.139616
0.124062
0.011580
-0.091638
0.046124
0.187308
-0.161945
0.007507
-0.025012
-0.072397
0.013102
0.052942
0.008873
0.070459
-0.108068
-0.187385
-0.109999
0.063006
-0.043039
-0.146536
-0.020669
0.107013
-0.058826
-0.215929
0.095517
0.065149
0.004010
0.016202
0.036115
0.010974
-0.007702
0.152155
0.057869
-0.158292
-0.160879
0.180571
-0.100322
-0.044753
-0.030140
0.070250
-0.067112
-0.060785
0.137659
0.055973
0.059491
-0.081651
0.026015
0.109961
0.059702
0.134080
0.017415
0.002994
-0.092394
-0.015210
-0.012954
0.120413
0.119796
0.117729
0.091573
-0.154707
0.043849
-0.151177
0.125610
0.134344
0.101047
0.144910
0.121577
0.031996
0.053235
0.084012
-0.008159
-0.029125
0.000018
0.053837
0.083810
-0.036398
-0.011661
-0.137904
-0.048664
-0.018157
0.101067
0.170996
-0.078172
-0.004273
-0.012820
0.019291
-0.061088
0.035494
-0.099425
-0.055398
-0.068967
-0.145633
-0.172587
-0.158842
-0.160099
0.032448
0.088620
-0.056378
0.141221
0.037323
0.082620
-0.052732
0.123406
-0.260731
-0.027035
-0.204686
-0.051789
-0.041223
0.084521
-0.067240
0.032523
-0.060127
-0.040815
-0.000307
-0.067215
0.148103
0.041442
0.139383
0.065792
0.177070
0.191757
0.046458
-0.092973
0.072007
-0.000850
0.095750
-0.108095
0.100794
-0.039024
0.062925
-0.235611
-0.055327
0.073004
0.104256
0.149980
-0.232017
0.123692
0.174517
0.087936
0.138929
0.011850
-0.010494
0.082874
-0.038410
0.002761
0.147066
0.134952
0.088033
-0.031327
-0.113875
0.215597
0.167132
-0.059967
-0.052733
-0.155297
-0.050070
0.021255
0.026474
0.097130
0.264073
-0.113128
-0.035413
-0.203449
0.080124
-0.016016
-0.026718
0.122626
0.091412
0.218876
0.049708
0.057153
-0.153045
0.193368
-0.065462
-0.057103
-0.068837
0.033192
0.093240
-0.037208
0.017582
-0.026619
-0.011513
-0.129214
-0.164105
-0.141249
0.014792
0.118502
0.065149
-0.105039
0.163704
-0.081260
-0.049610
-0.064950
-0.171454
-0.037476
-0.079047
0.131844
0.025461
-0.047629
0.185285
0.009210
0.099367
0.089637
0.115551
-0.047844
0.082022
0.056919
-0.293155
0.100781
-0.023893
0.191245
-0.006808
-0.006187
-0.091249
0.155466
-0.116926
0.015705
0.058869
0.013157
0.103354
0.036897
0.051075
0.079441
0.028585
0.054453
0.121958
0.302898
0.053466
0.108380
0.141504
0.156635
0.117023
-0.104804
0.205990
-0.292167
0.082494
-0.030589
0.043837
-0.144924
-0.037409
0.058849
-0.132687
0.015257
-0.023594
0.118797
-0.231705
0.061530
-0.094781
0.041045
0.139824
-0.080443
0.064027
-0.003118
0.072119
0.096647
0.155203
0.003552
0.259322
-0.201615
0.046253
0.147636
0.238210
-0.194273
0.068587
-0.055148
-0.085100
0.035715
0.201609
0.012174
0.098932
-0.083575
0.303312
-0.113040
0.231917
0.062312
0.215480
-0.008100
-0.025894
-0.057442
-0.284236
0.144145
0.125086
-0.120972
-0.176622
0.088758
-0.148765
0.110683
0.207031
0.178223
-0.034665
0.080303
-0.013045
0.028991
-0.119019
-0.026720
-0.043044
0.084069
0.097175
-0.062299
-0.048805
-0.155994
-0.078360
-0.124168
-0.034260
0.100706
0.078948
-0.131314
0.302725
0.036388
-0.044309
-0.056306
0.083801
-0.012611
-0.059649
0.018910
-0.032869
-0.058663
-0.033883
-0.038566
-0.030153
-0.082063
0.037510
0.164776
0.113497
0.214631
0.015652
-0.202375
0.047503
-0.054431
-0.003335
-0.057015
-0.017483
0.098792
0.092572
-0.148113
-0.076176
-0.104513
-0.065434
0.098185
0.048743
0.077288
-0.009311
0.128567
-0.137879
0.047678
-0.027116
0.118610
-0.006293
0.000537
-0.014805
-0.005609
-0.136073
0.038509
0.084488
0.095994
0.003286
-0.025360
-0.038758
-0.029370
0.029421
0.178971
-0.002974
-0.017390
0.106762
0.197339
-0.035169
0.017425
0.010601
-0.039281
-0.127874
-0.014857
0.023248
0.070148
0.064197
-0.182403
0.113848
0.073139
-0.045457
0.099144
-0.067520
0.003717
0.025001
0.102047
0.071226
-0.170971
-0.036911
-0.053813
0.040611
-0.070101
-0.041965
0.079825
0.028069
-0.182364
0.221684
0.116463
-0.080138
0.112616
-0.034858
0.022342
0.121157
0.001349
-0.126020
0.006163
0.128773
0.119430
-0.058071
-0.205320
0.105609
0.235180
0.070805
-0.244492
-0.130999
-0.119018
-0.029442
-0.121881
-0.019368
-0.135401
-0.020535
-0.103931
-0.034132
0.092793
-0.004550
-0.206909
-0.058986
-0.013878
-0.133971
0.009104
-0.008248
0.022217
-0.014863
0.011392
-0.007241
0.031802
-0.005286
-0.071078
-0.066952
-0.081297
-0.137213
0.171513
0.113468
-0.076955
0.007490
0.158994
-0.129082
-0.067058
0.073829
0.142999
-0.035196
-0.025189
-0.035941
-0.064242
0.003697
-0.023364
0.043653
-0.005160
-0.043322
0.135432
0.182863
0.139574
0.036865
0.028298
-0.002729
0.079283
0.115108
0.153609
-0.108786
-0.074094
0.020700
0.158148
-0.076075
-0.114414
0.154861
0.016260
-0.098061
0.045103
-0.105029
0.015604
0.166628
0.054398
0.074671
0.034875
-0.019600
-0.036885
0.032615
0.048627
0.072694
-0.148377
0.125993
-0.081570
-0.102175
-0.081569
0.218431
-0.086075
0.067427
-0.059735
-0.008231
0.007690
0.077744
0.129816
-0.009143
0.238053
0.055220
-0.096586
-0.131740
0.044760
0.023835
0.023251
-0.036833
0.010837
-0.007524
0.066814
0.117442
0.089611
-0.013965
-0.208496
0.214371
-0.066761
0.164826
-0.066331
0.050660
0.107148
-0.105201
-0.059269
0.100085
-0.081800
-0.041692
-0.130129
0.073760
0.040071
-0.047581
0.057889
0.093503
0.141078
0.045275
-0.015025
-0.096587
-0.006269
0.022934
-0.045493
0.006565
0.115992
0.099746
-0.065353
-0.092598
-0.026192
0.010192
0.041468
-0.060837
0.003728
0.205377
-0.016767
0.088103
-0.036366
-0.084554
0.091643
-0.011152
-0.047765
0.128745
0.001783
0.309377
-0.086126
-0.076328
-0.031733
-0.009278
0.020303
-0.021260
-0.047264
0.215503
0.124512
-0.068629
-0.089596
-0.062947
0.044967
0.048864
0.057395
0.084210
-0.196154
-0.025469
0.164161
0.031855
-0.083253
0.193342
-0.125714
-0.040094
-0.163225
0.054631
-0.027222
0.209346
0.197644
0.003583
-0.112947
-0.051121
-0.129155
-0.034028
0.196838
0.130094
-0.041369
-0.040622
-0.076331
0.141043
-0.037164
-0.066039
0.034407
0.141933
0.054171
-0.071770
-0.011585
0.049512
0.065430
0.060493
-0.039352
0.059429
-0.136860
0.110894
0.149429
-0.099794
-0.074652
-0.062298
0.176868
0.023868
0.088848
0.090386
-0.049375
0.058912
-0.177630
0.031477
-0.035853
0.047910
-0.176965
-0.161182
-0.184113
0.058310
-0.155914
-0.148187
-0.039624
0.135818
-0.007032
0.138755
-0.023342
-0.021244
0.095315
0.171068
-0.098067
0.055410
0.082932
0.034894
-0.145974
-0.144105
0.042930
0.127747
-0.008528
-0.215581
0.014190
0.057737
0.111148
0.150569
-0.151516
0.072213
-0.059988
0.259920
0.100937
0.088594
-0.066078
0.093987
0.011521
0.149111
0.044636
0.031511
-0.013575
0.044678
-0.021840
0.055318
0.135607
-0.032282
0.062799
-0.027634
0.041666
-0.189747
-0.025889
0.062535
0.053803
0.173270
0.036444
0.024862
-0.061774
-0.127498
0.052524
0.116871
0.070730
0.026853
0.010287
-0.091457
-0.101307
-0.036281
-0.074585
0.074967
0.010563
0.019899
0.076711
0.075095
-0.016334
0.033914
-0.047972
-0.013081
-0.049146
0.151614
-0.033033
0.035867
-0.216544
-0.156930
-0.072184
-0.056402
-0.134923
-0.077632
0.090994
0.022247
-0.041212
-0.071188
-0.105230
-0.106941
0.030274
0.005119
-0.022037
0.020216
-0.088992
0.161220
-0.062258
0.049981
-0.024227
-0.102518
-0.060864
-0.133208
-0.042554
-0.048658
0.144586
-0.182380
-0.042835
-0.063681
0.080856
0.136846
0.099674
0.083840
0.179227
-0.154040
0.044993
-0.085467
-0.111285
-0.258262
0.155297
-0.051240
0.151064
0.047592
-0.087827
-0.047360
0.212599
0.150004
0.052835
0.079081
0.032772
-0.043871
-0.112867
-0.165584
-0.012491
-0.012525
-0.040133
-0.083533
0.025434
-0.129957
-0.010389
-0.023407
0.029137
0.115637
0.133286
-0.093331
-0.021295
0.081684
0.067864
-0.033253
0.017943
-0.095989
-0.045441
0.068547
-0.019655
-0.115301
-0.016036
-0.056298
-0.114923
-0.128039
-0.254115
-0.042674
-0.064493
0.009585
0.052850
-0.038373
0.041515
0.066243
0.069562
0.160986
-0.254030
0.013031
0.009720
0.044797
-0.112073
0.001174
-0.146791
-0.059985
-0.189825
-0.036078
-0.017185
0.043971
0.010583
0.067767
0.004271
0.064594
0.061981
-0.125777
0.113412
0.136116
0.011838
-0.084662
0.026080
0.082711
0.012731
0.065145
0.073496
-0.182220
-0.047376
0.155486
0.180782
-0.243674
-0.086229
0.035597
0.129837
-0.256390
0.160921
0.079788
0.032258
0.022821
0.070874
0.052134
0.046483
0.032832
0.059934
-0.150763
-0.098184
-0.071491
-0.048289
0.197791
0.008636
-0.050164
0.000997
-0.010789
0.056647
-0.071245
-0.039547
-0.139663
0.148593
0.031160
-0.093371
0.002048
0.081679
-0.111204
0.040436
0.027421
-0.055533
0.192368
0.095434
-0.003229
-0.107521
0.185029
0.013840
0.003315
0.074200
0.109364
-0.076559
-0.079589
0.085749
-0.044489
0.014569
-0.002214
-0.136926
-0.110844
-0.014430
0.052495
0.001696
-0.134119
-0.034038
-0.042421
-0.053238
-0.075020
0.064180
0.181019
0.000460
0.034472
-0.114644
0.135608
-0.033536
-0.129521
-0.044231
0.032786
-0.162156
-0.062340
0.026233
0.013762
0.128034
-0.103959
-0.051694
-0.204989
0.159665
-0.055006
0.012926
0.013093
0.079305
0.130376
0.081398
-0.000329
-0.002972
0.079072
0.050464
0.264889
-0.041327
-0.022859
0.000105
-0.067982
0.241207
0.068174
0.087386
-0.064018
-0.245204
0.041494
0.024017
0.018257
0.260690
0.058918
-0.007743
0.182555
0.106680
-0.066967
-0.138190
-0.002280
-0.028339
0.048475
0.104378
0.176894
0.153533
0.325725
-0.058120
0.054397
0.315942
0.103307
0.060587
0.037733
0.030877
-0.061992
-0.258217
0.015621
0.012302
0.039912
-0.114711
0.144727
-0.037423
0.027638
-0.044253
-0.035824
0.138383
0.035335
0.099038
0.000245
-0.068282
0.043716
0.051990
-0.023498
-0.026777
-0.015924
0.054076
0.173123
-0.018853
0.191937
0.106192
0.133541
-0.140020
0.003635
0.018067
-0.033757
0.011699
0.051639
-0.012923
0.068403
0.028134
0.118920
-0.073973
0.330914
0.020220
-0.086806
0.071821
0.002762
0.073882
0.057060
0.014722
-0.021055
0.241727
0.008990
0.037234
0.070875
-0.030533
0.339969
0.117836
0.088768
0.142835
0.183896
-0.056136
-0.104447
0.103427
0.096252
0.217086
-0.000953
0.127969
0.167929
-0.057783
-0.015514
0.048378
0.044188
-0.072061
-0.028452
0.099295
0.125315
0.182885
0.128504
0.044249
0.079433
0.075595
0.157830
-0.043320
-0.002267
-0.025789
-0.001083
-0.142842
0.031458
0.079133
0.040866
-0.052191
-0.186319
0.008168
-0.075490
0.083318
-0.116501
-0.014815
0.097942
0.048389
0.109823
-0.110982
-0.082277
0.122261
0.018129
0.038304
-0.111150
-0.056407
0.014289
0.059176
0.062993
0.019291
0.062516
-0.105219
0.018182
0.013718
-0.081276
-0.046441
-0.077336
-0.061275
0.017085
-0.114098
-0.113763
0.132751
-0.067874
0.042310
0.010489
0.016068
0.234446
0.037824
0.207462
-0.109239
0.214253
0.074430
-0.125915
-0.047114
0.141601
0.172006
-0.109148
-0.155798
-0.060262
0.037608
-0.056042
0.108295
-0.002462
0.165828
-0.044008
0.066043
-0.008955
0.219348
0.196042
0.074295
0.014075
0.131481
0.115148
0.009838
0.143983
0.012879
0.017188
0.006414
-0.094451
0.074885
0.096101
0.066130
-0.024567
-0.075690
0.000651
0.138953
0.219132
-0.026299
-0.007301
0.202350
-0.009128
0.131605
0.087384
-0.016820
0.036513
0.057149
0.008412
-0.135823
-0.055171
-0.135067
-0.011392
0.224204
0.129113
-0.023042
0.021142
0.101945
0.085218
0.024253
-0.125131
-0.197881
0.062129
0.001985
-0.050016
0.157610
-0.023389
0.000791
0.016275
0.146639
0.013655
0.143505
-0.022797
-0.004602
-0.079456
0.127485
-0.013863
-0.000822
0.125333
-0.117301
0.000337
0.050061
0.142954
-0.126776
0.008818
0.086036
-0.040325
0.029659
-0.146521
-0.124166
-0.011116
0.033532
-0.020937
0.087837
-0.155446
0.026303
0.246101
-0.221991
0.083467
0.083331
0.050094
-0.119698
-0.050498
-0.010808
0.131679
-0.107452
0.193852
0.098958
0.063934
0.100070
-0.121088
0.154810
-0.052772
0.122812
0.295598
-0.083749
0.085693
0.120995
0.105829
-0.130808
-0.085318
0.016435
0.032238
-0.059148
-0.033764
0.046157
0.163637
0.049217
0.149862
0.130338
-0.061444
0.071326
-0.201625
0.100523
-0.009779
-0.151613
-0.167218
-0.127275
-0.115877
0.066692
0.031053
0.179434
-0.088310
-0.055834
-0.019117
0.058253
-0.138028
0.197308
0.137075
0.086430
-0.117251
0.185884
-0.170852
-0.090974
0.049484
-0.014670
-0.218475
-0.068097
0.085829
0.097106
0.010185
-0.110337
-0.037066
-0.172780
0.083157
0.122737
0.147111
-0.066077
0.224441
0.026721
0.015460
0.087100
0.248517
-0.022028
0.119233
0.176773
-0.026265
0.138944
0.057991
-0.082552
0.115359
-0.006105
-0.049731
-0.119316
-0.102041
0.017993
-0.015588
-0.168666
-0.003636
0.049462
0.126482
-0.028295
-0.007181
-0.180228
-0.114852
-0.336774
-0.222435
-0.031888
-0.029014
-0.139839
0.181612
0.039647
0.050526
0.081668
0.025766
0.034519
-0.167891
0.092285
0.049284
0.102509
0.150153
-0.008628
0.017652
0.148649
-0.113010
-0.062211
0.053043
-0.097128
0.057068
-0.029046
0.040182
0.022460
0.067008
0.129653
0.207415
-0.057533
-0.177934
-0.042831
-0.073419
-0.108709
0.067290
-0.018078
0.011449
-0.112068
-0.065532
-0.080355
0.052773
-0.081772
0.000469
-0.259693
-0.251832
0.005197
0.047964
0.015687
0.044704
0.118191
-0.044137
0.279915
0.060890
0.023937
0.055243
0.063412
-0.193144
-0.030751
0.111755
0.023340
0.056670
-0.128818
0.067156
0.148056
-0.016641
0.072423
0.007857
0.206326
0.091360
-0.030583
-0.063848
-0.005665
0.005984
-0.068580
0.032315
-0.117095
0.311576
-0.062998
0.139437
0.071176
0.080387
0.061955
0.020298
-0.017123
0.085581
0.098448
0.071701
0.104636
0.023693
-0.015878
0.131735
-0.121671
0.019624
-0.046931
0.109639
-0.014470
-0.054174
0.032981
0.043410
-0.160626
0.025340
0.062970
0.266474
0.034216
0.146310
0.106993
0.180845
-0.053320
0.246431
0.075781
-0.021306
-0.107663
0.018671
-0.161515
-0.035677
0.032345
0.052558
0.087659
-0.090494
-0.097069
-0.021249
0.145469
-0.012902
0.171990
0.079241
0.044861
-0.132746
0.031553
0.011050
-0.054218
-0.022036
-0.018773
-0.000726
-0.054365
-0.067677
-0.049035
-0.036981
-0.021732
0.192218
-0.018513
0.179353
-0.023010
0.008421
0.096150
-0.122152
0.003439
0.029863
0.076605
0.137957
0.024233
0.073489
-0.040115
0.141934
-0.004139
0.007957
0.175492
-0.110651
-0.142699
-0.091287
-0.017730
-0.021724
0.076021
-0.258195
0.034610
0.070191
0.021010
0.168921
0.058605
0.027147
-0.032344
-0.067594
-0.061996
-0.062350
-0.091681
0.094530
-0.121781
-0.157283
-0.095674
-0.050314
-0.109845
0.034639
0.055487
0.127366
-0.074143
0.152219
-0.119093
0.033686
-0.029054
0.080898
-0.075303
-0.281141
-0.193211
0.006544
-0.003050
-0.019850
0.187657
-0.037661
0.181718
-0.072593
0.033008
0.013224
0.001563
0.121116
-0.071266
-0.012745
-0.094841
0.051104
-0.029806
-0.234988
0.036536
0.148030
-0.060768
0.218801
0.021669
-0.186377
0.001381
0.039713
-0.042459
0.129429
0.186203
0.206657
0.049117
-0.132193
0.019091
0.086060
0.142804
-0.025127
0.071231
0.002489
0.234320
-0.165478
-0.266832
-0.154566
0.014148
-0.090113
-0.086516
0.085135
-0.045194
-0.075079
0.242625
-0.043984
0.031007
-0.127392
0.071812
-0.085550
0.068221
0.071529
0.039037
0.001172
0.010904
0.118851
0.003091
0.071883
-0.016115
-0.027226
0.067668
0.057596
0.053036
-0.032108
0.019962
-0.079323
-0.037051
-0.066899
-0.089371
0.036296
0.112477
-0.127107
0.176261
0.022600
-0.102267
0.157325
0.187857
-0.005580
0.118186
0.014424
-0.058552
0.179727
0.171244
-0.098473
-0.016936
0.085210
-0.115976
0.353257
0.016057
-0.121208
-0.067522
-0.094495
-0.173142
0.220742
-0.039175
-0.029874
-0.167007
-0.103555
-0.005046
0.010897
0.129230
0.084143
-0.113765
-0.008625
-0.026404
-0.147279
0.148746
0.047222
-0.069290
0.055328
-0.013563
0.096621
0.094673
0.078718
-0.013090
-0.033642
0.188170
-0.108307
0.088440
-0.056412
-0.342808
0.066501
0.213790
-0.067953
-0.010788
0.183501
0.031423
0.120576
-0.037820
0.034625
-0.092479
-0.019667
-0.146561
-0.037717
0.105425
-0.012368
-0.065965
-0.147277
0.225523
-0.136156
-0.030001
-0.106129
-0.106414
0.012298
0.048197
0.217528
0.021886
-0.158139
0.047736
0.080858
-0.151160
0.026401
0.021155
0.126682
-0.138208
-0.142999
0.194506
0.105274
0.141436
0.025454
-0.011829
0.058603
-0.028449
0.020084
0.173145
0.108669
-0.090137
0.063829
-0.089191
-0.179569
-0.084434
-0.088786
0.174727
-0.033687
-0.066336
-0.060736
-0.117808
0.072412
0.084085
0.022850
-0.039217
-0.007515
-0.099195
0.018961
-0.081720
0.036976
0.158770
-0.046023
0.088568
0.155844
-0.000024
0.148721
-0.025198
0.021162
-0.169926
0.234333
-0.060000
0.078063
0.079504
-0.076859
-0.100971
-0.092785
-0.049387
0.140126
-0.047365
0.054156
0.042289
-0.049552
0.058911
-0.081877
0.008539
0.048183
0.031038
-0.003854
-0.113345
-0.092569
-0.017348
0.110356
0.122512
0.043502
0.097181
0.095700
0.080644
0.048100
0.157314
-0.104840
-0.009852
-0.049609
-0.027892
0.191791
0.172327
0.066512
-0.077906
0.062024
-0.028401
0.104287
0.082404
-0.008196
-0.051131
-0.199488
-0.095023
0.235932
0.009191
0.038758
-0.017363
0.171004
0.063443
-0.051190
-0.030692
-0.061699
-0.149051
0.044861
0.112794
-0.026718
-0.058802
-0.005733
0.058180
0.040064
0.022518
0.085203
-0.106645
-0.068528
-0.049264
0.124197
0.016949
-0.015261
-0.024261
-0.038370
-0.198037
-0.026264
0.154473
0.014276
0.080203
0.075329
-0.022437
-0.039884
-0.127686
-0.007162
-0.043356
0.020909
-0.004522
0.114141
0.090641
-0.070114
0.088475
0.077095
-0.057216
0.044153
0.026022
-0.027718
0.153761
-0.014825
-0.072678
-0.126839
-0.158864
-0.013737
-0.174718
0.116551
-0.066743
-0.022609
-0.089975
0.008696
0.208046
0.121092
0.028324
-0.039647
-0.080901
-0.044936
-0.104491
0.204741
0.017283
0.082829
-0.040697
0.046024
-0.013025
-0.021752
-0.089369
0.000196
0.214836
0.081909
0.087137
-0.013319
-0.113705
-0.041410
0.055431
-0.091420
0.132914
0.028951
0.034327
0.072370
0.146739
0.070495
0.054972
0.177468
-0.057073
-0.108387
0.106350
-0.041197
-0.013758
-0.026510
-0.066814
0.007827
0.206600
0.004821
0.027521
0.006386
0.127246
0.169637
-0.079941
-0.040786
-0.091223
-0.151135
0.068130
-0.110947
-0.074906
0.041209
-0.040686
-0.104157
-0.192631
-0.061508
0.087207
0.100942
-0.023939
-0.067366
0.118014
0.008991
-0.236641
-0.120476
0.062961
0.131518
-0.011091
-0.158785
-0.111021
-0.072068
-0.107017
0.068673
-0.093207
-0.073346
-0.116597
-0.090822
-0.171084
-0.026736
0.041502
-0.115014
0.059617
0.007950
-0.019046
0.088612
0.083399
0.017051
0.052667
-0.032750
0.095126
-0.082584
-0.038372
-0.070886
-0.041747
0.010264
-0.052862
-0.132062
-0.085600
0.039788
0.098120
0.055970
-0.030480
0.011510
-0.028214
-0.034160
-0.095291
-0.105528
0.069713
0.024601
-0.029879
-0.042498
-0.158320
-0.015070
0.053750
-0.052768
0.062581
0.216851
-0.044590
-0.097254
0.037266
0.057159
0.168488
0.025772
-0.012849
0.178885
-0.027163
-0.076715
-0.027471
0.056376
0.208281
-0.006444
0.157690
-0.149735
-0.019255
0.024227
-0.012902
-0.149916
-0.119424
-0.058588
-0.017713
-0.040122
-0.038382
-0.041949
-0.125789
-0.000189
-0.207480
-0.027338
0.001794
-0.090298
-0.144423
0.105761
0.126957
-0.273086
0.089185
0.067038
-0.064833
0.161121
-0.074844
0.010440
-0.042722
0.118247
0.041567
0.012099
0.038358
-0.049845
0.020600
-0.006486
-0.021230
0.088990
-0.110848
-0.152986
-0.135064
-0.045374
0.036546
-0.104045
-0.008118
0.042808
-0.052580
-0.002540
-0.075606
-0.028101
0.118068
0.042841
-0.148749
-0.062902
-0.149937
-0.033649
0.172807
0.084699
-0.151440
-0.149266
0.013639
-0.031553
0.067448
-0.132872
-0.298183
0.090747
-0.008720
0.054378
0.009427
0.052272
0.033949
0.095795
-0.014104
0.091378
0.134865
-0.088931
-0.092685
-0.026735
-0.080828
0.060290
-0.162135
-0.044249
-0.111726
-0.004010
-0.091071
0.019551
-0.131356
-0.028438
0.031252
-0.003243
-0.246659
-0.033717
-0.022468
-0.017646
-0.011378
0.201156
0.015302
-0.009506
-0.033287
0.044779
0.001774
0.090036
0.056848
0.103582
0.022684
0.037357
-0.141133
0.085392
0.049642
-0.176439
0.117198
-0.031963
-0.218971
-0.044303
-0.130288
0.100306
-0.116346
-0.251634
-0.027545
0.124949
-0.103698
-0.016003
-0.088021
-0.226804
0.120798
0.153954
-0.036876
0.081691
-0.095696
-0.020159
0.010952
-0.139371
0.044915
-0.176621
-0.147614
-0.015703
0.022632
-0.017492
0.057866
0.134958
-0.119967
0.133844
0.086519
-0.137596
0.017886
-0.068515
0.000577
-0.091104
0.027223
0.052255
-0.040213
-0.031701
0.053327
0.023269
-0.145042
-0.117495
0.058063
0.104900
-0.080530
0.108288
0.033220
0.025709
0.092154
-0.132082
0.065954
0.025859
-0.091192
-0.065869
-0.032914
-0.061760
-0.094009
0.012098
-0.075157
0.059917
0.026608
0.070070
0.027675
0.139565
0.032934
0.112088
-0.062790
-0.002669
0.058560
0.057271
0.062891
-0.022416
-0.049307
0.060904
0.073539
0.135653
-0.056362
-0.008744
0.063018
0.166590
-0.056993
0.222258
-0.017698
-0.032936
-0.053738
0.122313
0.024431
0.117716
-0.120601
0.027870
-0.118358
-0.191715
-0.063718
0.145947
-0.027176
-0.063319
0.121112
0.153054
0.212327
0.088423
-0.013866
-0.046882
0.089324
-0.100840
-0.193321
-0.020602
-0.143158
-0.042509
-0.032297
-0.155729
-0.162694
-0.064158
0.048385
-0.115814
-0.016652
0.017146
-0.182636
-0.117762
0.020868
0.096053
0.172251
0.201004
-0.066413
-0.021957
0.020197
0.190011
-0.186214
0.012623
-0.020067
0.067563
-0.121070
-0.001331
-0.078275
-0.041063
0.090707
-0.187670
0.018039
-0.100061
-0.066555
0.133709
-0.078538
-0.011660
0.174573
0.137133
0.006300
0.027443
0.011194
0.041944
0.009505
-0.113554
-0.119014
0.036920
-0.082112
-0.017030
0.221095
0.083611
-0.018345
-0.175516
-0.051446
-0.041371
-0.050341
0.246712
-0.057011
-0.046977
-0.058630
-0.090097
0.152535
0.016917
-0.041476
0.074652
-0.014847
-0.079913
0.057203
0.038090
0.031568
0.039581
-0.107718
-0.108945
-0.086597
0.053568
-0.045083
0.015990
-0.070279
-0.056088
0.048145
-0.043597
-0.147130
0.056235
-0.024481
0.019297
0.018400
-0.080508
0.048051
0.176857
0.015013
-0.000678
-0.150257
-0.099018
0.063593
0.162243
-0.040579
-0.024236
-0.020451
-0.003343
-0.111121
0.144292
-0.080203
0.066580
-0.063559
-0.118116
-0.124057
-0.007062
-0.012263
-0.100229
-0.070948
0.021266
0.099685
0.077296
0.021081
-0.047392
-0.139315
-0.030118
-0.182023
0.052639
-0.151722
-0.043464
-0.164730
-0.045914
-0.063156
-0.004681
0.083406
0.006369
0.330432
0.041987
0.076958
0.019053
0.117360
-0.067091
-0.032355
0.106181
0.061022
0.119010
0.102713
-0.069269
0.015893
0.008737
0.027410
-0.052282
0.072058
-0.104491
0.099767
-0.054768
0.110992
-0.046032
0.089062
-0.089879
0.015772
0.025852
0.080655
0.105124
-0.024230
0.002396
0.035334
0.079840
0.078948
-0.173164
0.021082
-0.011448
0.106803
0.021981
0.000322
-0.027285
-0.160927
0.001958
-0.035705
-0.001853
-0.165801
0.122250
-0.046451
-0.108167
-0.028101
0.015122
0.091374
0.045634
-0.084288
-0.020332
0.078287
-0.089484
0.135136
0.049307
-0.090213
0.075156
-0.050251
-0.071659
-0.073790
-0.054122
-0.102902
-0.138113
0.003699
-0.018481
0.130606
0.073112
0.013824
-0.114961
0.179727
0.147724
0.115057
-0.070079
0.066375
0.004259
0.019303
0.071362
0.030268
-0.028348
0.013423
0.010837
-0.320405
-0.053856
-0.081245
-0.059527
-0.055676
-0.093569
-0.043336
0.193655
0.109381
-0.134429
0.018124
-0.029411
-0.000067
-0.053237
0.082289
0.018614
0.030598
-0.025801
-0.274341
-0.167029
-0.023186
0.199429
0.109156
-0.110309
-0.024782
0.024472
-0.071405
0.102557
0.088542
0.119144
0.157608
0.109715
-0.199302
-0.079969
0.026998
-0.026029
-0.045973
-0.055723
-0.132468
0.243729
-0.027945
-0.108971
0.097057
0.033491
0.069630
0.142015
0.080121
0.196253
-0.164643
-0.220630
-0.121773
0.156161
0.089171
-0.037976
0.024855
0.057191
0.017869
-0.210621
-0.108721
-0.130735
-0.232262
-0.055549
-0.113446
-0.094513
-0.205004
-0.337878
0.090029
0.068703
0.016775
-0.129072
-0.042140
-0.004076
0.102946
-0.060938
-0.106583
-0.096012
-0.156655
0.102682
0.000718
-0.025213
0.149544
0.076356
0.059006
-0.133447
0.084866
0.091291
0.006927
0.011050
-0.163144
0.075627
0.115688
-0.120634
-0.117686
-0.070486
-0.024271
0.043417
-0.034506
0.060234
0.098665
-0.052546
-0.086439
-0.058615
-0.089187
-0.024122
0.055238
0.052212
-0.078635
0.143025
0.124787
0.174027
-0.002090
0.057516
0.064930
-0.031114
-0.022322
0.028806
0.007283
0.081392
-0.206058
-0.087582
0.096298
0.154861
-0.081802
-0.026810
-0.034689
-0.006511
0.192941
0.134800
-0.036404
0.036025
-0.056530
0.005898
0.094151
0.022995
-0.102686
0.033342
0.210025
0.010155
0.029889
0.092643
0.008332
0.107776
-0.117744
0.070775
0.098034
-0.017168
-0.226437
0.092311
0.012681
-0.065329
0.133078
-0.114453
-0.231953
0.012191
0.085514
-0.093863
0.082731
0.040438
-0.027956
-0.037878
-0.060804
0.110839
0.111374
0.117422
-0.152215
0.090100
0.010970
-0.140884
-0.030351
-0.096847
0.002420
0.022967
-0.077234
0.005795
0.172877
0.002983
-0.119513
0.073105
0.068643
-0.017323
0.133016
0.090441
0.109783
-0.079871
0.049408
0.002064
0.145357
-0.022905
0.034618
0.051815
-0.037641
-0.065510
-0.056972
0.022022
-0.009930
0.210963
0.056145
-0.067236
0.150123
0.009863
-0.211115
0.244136
0.053955
-0.037884
0.004618
0.139746
0.070972
-0.124224
-0.040701
0.167305
0.146739
0.113260
0.076816
0.121882
0.027383
0.122838
0.190277
0.052445
0.201382
-0.185004
0.102851
-0.080293
-0.094160
0.047460
-0.051595
-0.063999
-0.160146
-0.234668
0.141818
0.162561
-0.081048
-0.018273
-0.039691
0.004761
-0.020501
-0.117199
-0.062281
0.120662
0.069414
-0.044605
-0.145148
0.096850
-0.030122
0.145637
0.025560
-0.024364
-0.094330
0.113679
0.016158
0.031080
0.097248
0.144417
-0.024280
-0.078441
-0.056820
0.233755
0.168887
-0.039522
-0.049997
0.123204
-0.126137
0.078514
0.106294
0.061846
-0.039122
0.054558
-0.039586
0.066637
-0.005652
-0.078680
-0.020771
-0.053788
0.009066
0.069656
0.157737
0.195487
0.131594
-0.005096
0.013187
-0.054265
-0.039439
-0.167112
-0.043167
0.162723
-0.074454
0.047109
0.007528
-0.050459
-0.234659
0.079458
-0.113426
0.011489
0.059580
-0.000631
0.118319
0.004425
-0.078072
0.051873
-0.152395
0.016729
0.136298
0.030846
-0.194917
0.032248
-0.075359
-0.041432
0.174661
-0.084679
0.093982
0.207242
0.303884
-0.077757
0.126042
0.043540
0.225461
-0.098074
0.201452
0.071398
0.118936
0.121818
-0.038773
-0.084911
0.070263
0.003310
0.169938
0.107652
0.076719
0.099459
0.128430
-0.065690
-0.078651
-0.283773
0.012690
0.135244
-0.039565
0.060078
-0.094016
-0.071112
-0.116880
-0.138067
-0.097326
-0.224219
-0.123688
-0.126594
-0.159250
-0.139104
-0.082414
-0.002237
0.014090
0.016910
-0.037978
0.020225
0.053447
-0.034474
-0.176129
-0.136076
0.079287
-0.050699
0.012763
-0.239264
-0.093335
0.109875
0.078042
0.016318
0.126537
-0.018082
0.043613
-0.062894
-0.043548
-0.128179
-0.063138
0.023455
-0.108725
-0.060339
-0.048023
-0.118394
-0.042303
-0.294289
-0.114738
0.119271
0.024076
-0.178886
-0.090876
0.056432
0.126949
0.005802
-0.007945
0.056083
0.120807
0.062468
-0.021335
-0.005415
0.030795
0.064727
0.020514
0.030296
-0.001175
-0.034827
0.170834
-0.029680
0.048618
0.114398
-0.020092
-0.016928
-0.024367
-0.005336
0.110781
0.112076
-0.044208
0.059082
0.224642
-0.126375
-0.033417
0.010992
-0.161054
-0.071608
0.116697
0.076774
0.023723
-0.027643
-0.022359
-0.003488
0.007301
0.127821
0.004693
0.127992
-0.254396
-0.054786
-0.210438
-0.057083
0.069542
-0.059556
0.109580
0.039154
-0.146883
0.073945
0.129588
0.176636
-0.154379
-0.063387
-0.007377
0.030371
-0.086971
0.206768
-0.229557
0.099310
0.054946
0.074296
-0.043995
0.044477
-0.015934
0.039219
-0.185259
0.027962
0.021856
0.081894
-0.043937
0.218028
-0.073088
-0.110454
0.114094
-0.151618
0.064873
0.121125
-0.040388
-0.040876
-0.097873
-0.213453
0.022500
-0.035588
-0.149089
-0.254653
-0.078948
-0.066354
-0.049914
0.077760
-0.060720
0.004566
-0.002158
-0.218563
0.047045
0.082357
0.052223
-0.031277
0.160410
0.026558
-0.049496
0.170878
-0.078580
0.179798
0.049048
-0.003923
-0.076517
0.024804
0.012888
0.092167
-0.138309
0.027031
0.043703
0.000180
-0.045380
0.094587
-0.047668
0.206335
-0.026504
-0.031953
-0.156194
-0.005930
-0.145569
0.013286
-0.185849
0.121715
0.080894
-0.032515
0.054845
-0.053783
-0.080644
-0.180300
0.054631
-0.087776
0.047985
-0.049733
0.036953
-0.264242
-0.058386
0.026128
-0.075781
-0.122348
0.008996
-0.205471
-0.093664
-0.209685
-0.019234
0.136211
0.132726
0.053537
-0.060978
-0.018837
0.002348
-0.159064
-0.108541
0.037786
0.169717
-0.056239
-0.137061
-0.062220
0.063045
0.062526
0.129648
-0.048574
-0.121941
0.004943
0.140194
-0.012284
0.185030
0.111579
0.051429
0.061696
-0.010188
0.148380
-0.011792
-0.019200
0.040715
0.073751
0.011423
0.089069
-0.030875
-0.054715
-0.070602
0.218226
-0.109915
0.056482
0.033139
0.115968
0.022326
-0.177992
0.145270
0.118316
0.037463
0.198494
0.039013
0.068798
0.056798
-0.134200
-0.062273
0.093451
-0.048717
0.084446
0.071219
-0.146781
0.158954
0.166523
-0.093376
-0.079687
0.001304
0.066275
0.088323
-0.009168
0.035672
-0.221021
-0.100022
-0.028349
0.093508
0.068275
0.087405
-0.037573
0.067079
0.148953
-0.004378
0.162917
0.032528
0.168024
0.136263
0.209849
0.040578
0.025711
-0.136224
-0.231552
-0.083521
-0.029764
-0.078739
-0.055983
-0.104339
0.243212
-0.039239
0.105129
-0.043576
0.141442
0.044619
-0.019428
0.094192
-0.007241
-0.016430
-0.048608
0.083060
-0.137060
-0.069374
0.134637
0.020775
-0.096443
0.030950
-0.070065
-0.144123
-0.093027
-0.080502
0.069224
0.048506
0.043972
0.067161
-0.121185
0.138815
-0.019367
0.030043
-0.001053
-0.045738
0.035983
-0.005862
-0.092062
-0.043985
-0.022206
-0.105847
-0.047760
0.025694
0.039508
-0.120766
-0.027760
0.028606
0.020241
0.021629
-0.044490
-0.065075
-0.054478
0.160380
0.077398
0.028567
0.151408
-0.041464
0.218212
-0.046168
-0.012102
-0.087015
-0.039032
0.083815
0.053231
0.183766
-0.078744
0.158418
0.066675
0.002621
-0.145492
0.005611
0.040156
-0.040865
0.109206
-0.005103
-0.031419
0.041948
0.120497
-0.081917
0.114310
-0.064954
-0.097809
-0.182367
-0.195211
-0.163496
0.019560
-0.079425
-0.043345
-0.004867
0.087910
0.031306
0.053615
0.127665
0.069047
-0.148699
-0.083869
-0.014270
0.048400
0.161854
0.045089
0.012473
-0.045266
0.146287
-0.037887
0.114135
0.005087
-0.008504
-0.079917
0.014268
-0.045094
-0.031233
-0.045205
-0.146601
-0.010492
-0.048439
-0.036073
0.087180
-0.137021
0.020071
-0.097637
-0.072631
0.033939
0.141882
-0.007112
0.123984
0.122140
0.190258
-0.062322
0.019012
0.084791
-0.001816
0.093551
0.128152
-0.067273
0.197432
0.022228
-0.085219
-0.025896
-0.241114
0.111217
0.004573
0.061568
0.042211
0.065755
0.126653
-0.037495
-0.120230
0.062387
-0.056722
-0.054258
-0.004136
0.068433
-0.091565
-0.081864
-0.011822
-0.021703
0.119753
-0.064992
0.060068
0.031446
-0.004254
0.024100
0.087152
-0.019578
0.042788
-0.226458
0.035538
-0.115069
-0.060580
0.014988
-0.089960
0.008138
0.094436
0.055796
-0.031462
0.056332
0.096883
0.223117
0.147672
-0.142244
0.142234
0.024061
0.161593
0.241414
-0.094977
0.064508
0.110232
0.041318
-0.210056
0.093045
-0.103727
0.051960
0.012924
0.116903
-0.002921
0.058969
0.037954
-0.066340
-0.088078
0.182663
-0.059646
0.123837
-0.324436
-0.020179
-0.081492
-0.016761
0.225095
-0.054689
-0.131057
0.082704
-0.212042
0.020451
0.071295
0.300144
-0.191741
-0.031217
-0.054434
0.103648
-0.047243
0.195855
-0.443156
-0.128587
0.001814
-0.232405
0.059639
0.042501
-0.149308
-0.029200
-0.248807
-0.223872
-0.099681
-0.121571
-0.109184
0.323445
-0.215312
-0.177804
-0.132910
-0.264749
0.201321
0.163520
0.233954
0.122161
-0.025609
0.040558
0.044278
0.083304
-0.098662
-0.345114
-0.479513
-0.514274
-0.527785
-0.384387
-0.509889
-0.040939
-0.230426
-0.294064
0.382651
0.043348
-0.001485
-0.033663
-0.197636
-0.339276
0.129550
0.039709
0.066738
0.014887
-0.090341
0.070486
-0.163980
-0.069358
0.079530
-0.028800
0.151691
-0.033930
-0.055573
0.054280
0.174969
0.101341
0.130448
-0.024988
0.129754
0.066300
-0.051454
0.170722
0.058861
0.042587
-0.049726
-0.215837
-0.029536
-0.072896
0.068675
-0.062087
0.046417
0.089168
0.140550
-0.015371
-0.381313
-0.156440
-0.161957
0.132605
-0.060264
-0.095890
-0.129632
-0.049903
0.113282
0.215056
0.058475
0.117553
-0.045299
0.026870
-0.028469
-0.000759
-0.012928
-0.044243
0.089141
0.192829
0.100862
0.022266
-0.026896
-0.065636
-0.232408
-0.072778
-0.069114
-0.228329
-0.222807
-0.029819
0.146079
0.022491
-0.053597
-0.070092
0.005107
0.004814
-0.172388
-0.120556
-0.098635
-0.072946
-0.097024
0.110571
-0.108658
0.073155
0.075795
0.009164
0.024976
0.035103
-0.081461
-0.169194
0.012920
0.063485
0.030874
0.075431
0.023582
0.191300
0.049580
-0.014224
-0.080222
-0.010517
-0.149764
-0.062686
-0.044001
-0.230401
-0.097906
-0.070512
-0.003873
-0.049469
-0.049109
-0.027092
-0.121166
0.108734
-0.316439
0.090917
-0.066227
0.065770
-0.051899
0.000976
-0.049479
0.094903
0.093915
0.025615
0.182004
-0.031656
-0.324433
0.092300
-0.091968
-0.037963
0.117141
0.095911
-0.002810
0.016611
0.150409
-0.135731
0.045487
-0.099479
-0.052539
0.068460
-0.028608
-0.311538
-0.073357
-0.048261
-0.157430
-0.066133
-0.074097
0.011754
0.066700
0.190845
-0.149213
0.334299
0.070387
0.118744
-0.234996
0.143127
-0.065675
0.005889
-0.113087
-0.089628
-0.062017
0.004085
-0.087977
0.082850
-0.105624
-0.073872
-0.029670
-0.168480
0.031332
-0.100775
-0.042592
-0.138414
-0.038012
0.001124
-0.049534
-0.024601
0.040589
-0.104652
0.113301
0.097361
0.327791
0.138103
-0.000394
0.073687
0.169944
0.118951
-0.212574
0.125556
0.120747
0.079162
-0.063565
0.073216
-0.006775
-0.155463
0.104810
0.273452
-0.069692
0.022459
0.056482
0.027046
0.078133
0.067893
-0.000998
0.038469
-0.064148
-0.045365
-0.005635
0.110320
0.251372
-0.102159
0.147993
0.062423
0.017511
-0.292187
0.056184
0.197630
-0.003165
-0.155820
-0.200556
-0.025693
-0.158405
-0.019375
-0.271725
-0.006582
0.006547
-0.055638
-0.061011
0.086375
-0.073510
-0.059330
0.027667
0.093210
0.048990
-0.006606
-0.086968
0.241580
-0.212779
0.064188
0.014457
0.016613
0.139104
0.096428
-0.134432
-0.028591
-0.196783
0.058992
0.050269
0.051298
0.069359
-0.240620
0.171724
0.002121
-0.060242
-0.211748
-0.067676
0.028132
0.078523
-0.087990
-0.378929
0.060237
0.008088
0.026825
-0.220574
0.146731
0.055995
0.051724
0.048465
0.050511
0.031638
-0.002425
-0.067011
0.070740
0.058839
0.070085
-0.172703
0.125923
0.017463
0.074683
0.009768
0.009283
0.076539
0.239750
0.042103
-0.023050
-0.156186
-0.344417
-0.030343
0.187091
-0.017885
0.116293
-0.032383
0.084737
-0.065381
-0.043355
-0.313510
-0.052825
-0.154448
-0.243267
0.048942
-0.091333
0.065862
-0.150903
0.241011
0.018103
0.311822
-0.024369
0.026010
0.151816
-0.089696
0.037191
-0.033899
0.008831
0.101925
0.303423
-0.100659
-0.090103
-0.038956
-0.087491
0.055066
-0.112025
-0.015166
-0.291371
0.229869
0.057589
-0.179397
0.081197
-0.111464
-0.043489
-0.021783
-0.017321
-0.302497
0.062723
-0.106889
-0.091451
-0.005546
-0.058240
-0.142069
0.029219
-0.042129
0.112638
-0.001555
0.081002
0.012378
-0.086849
-0.441185
-0.336619
-0.091660
-0.143083
0.345408
-0.167490
-0.149988
0.031069
-0.234127
0.228841
-0.004095
0.099489
-0.140586
-0.060945
-0.092590
0.048762
0.034830
0.224111
-0.340063
-0.252273
-0.032540
-0.386746
-0.438994
-0.545431
-0.419310
-0.325860
-0.310748
-2.436732
